# BEGINHEADER
# This file contains data from the SALSA 2m radio telescope.
# DATE=2024-12-12T19:31:0014
# GLON and GLAT given in degrees
# GLON=84.80972163081896
# GLAT=0.06221675841957703
# DATA in two columns below. Col. 1 is velocity relative to LSR [km/s]. Col. 2 is uncalibrated antenna temperature [K].
# ENDHEADER
265.741537059315 9.315471680797604
263.6803931087164 14.99649317607786
261.6192491581177 12.831260700688613
259.5581052075191 14.282160343663401
257.49696125692043 15.455981898403083
255.43581730632178 14.586912236582608
253.37467335572316 13.333734002127025
251.3135294051245 14.465192493481139
249.2523854545259 15.875604173736342
247.19124150392722 13.17063013987282
245.1300975533286 14.864129766185842
243.06895360272995 13.495858196040853
241.00780965213133 13.068178944991232
238.94666570153268 13.847615646609459
236.88552175093403 13.225792023057737
234.82437780033538 12.501753658160087
232.76323384973676 11.862293700912241
230.70208989913812 11.246166203168821
228.64094594853944 12.989770634371828
226.57980199794082 13.078749539619825
224.51865804734217 12.851799931599377
222.45751409674355 11.983092535858457
220.3963701461449 11.213793967113272
218.33522619554626 14.643892444361882
216.2740822449476 16.66329714624922
214.212938294349 14.120851538558476
212.15179434375034 16.321690288179315
210.09065039315172 12.21414886899142
208.02950644255304 13.751961117587651
205.96836249195442 13.131465352128808
203.90721854135577 11.13990973485425
201.84607459075715 13.454419777940995
199.7849306401585 13.780760273928522
197.7237866895599 13.04109042180315
195.66264273896124 13.184683197617746
193.60149878836262 13.02541810475352
191.54035483776394 16.07816945677652
189.4792108871653 15.289124486595636
187.41806693656667 13.748323994374788
185.35692298596803 15.924267390272279
183.2957790353694 10.74528365853014
181.23463508477073 14.222587032639701
179.1734911341721 14.662692060600262
177.11234718357346 13.837544882545387
175.05120323297484 12.597138966910743
172.99005928237617 10.149416465329557
170.92891533177755 13.519957432260309
168.8677713811789 12.613918496361501
166.80662743058028 14.464375939887704
164.74548347998163 13.890029247047146
162.68433952938298 13.926239384502257
160.62319557878433 14.632123689397165
158.5620516281857 14.049650238193811
156.50090767758707 13.776122650422783
154.43976372698845 13.13544322385781
152.37861977638977 15.103124310968498
150.31747582579112 12.331214178485284
148.2563318751925 13.482801745551
146.19518792459385 13.173015388453662
144.13404397399523 13.422213735864995
142.07290002339656 13.911562324427436
140.01175607279794 13.149187638351911
137.9506121221993 14.976310562961123
135.88946817160067 14.69839500903953
133.828324221002 12.959831376196322
131.76718027040337 15.436069920859966
129.70603631980472 13.133213928149472
127.64489236920609 16.781890828020153
125.58374841860744 14.70283186148463
123.52260446800881 13.329120887137256
121.46146051741016 15.164127318140691
119.40031656681153 10.913038046813917
117.33917261621289 14.933681397485168
115.27802866561424 13.377362951832078
113.21688471501561 12.448979389794019
111.15574076441696 14.93083733877683
109.09459681381833 14.476369198366024
107.03345286321968 13.516745733618732
104.97230891262105 16.084607276180307
102.91116496202241 13.203542227695175
100.85002101142376 11.354997848094602
98.78887706082511 14.794287035780172
96.72773311022647 11.685306207216147
94.66658915962782 12.722917673850608
92.60544520902918 13.88873430357115
90.54430125843054 16.725311808000264
88.4831573078319 12.42383620092744
86.42201335723325 14.72336206984179
84.36086940663462 15.499408185145397
82.29972545603599 12.932127120220013
80.23858150543734 15.766590768185418
78.1774375548387 13.284766571737775
76.11629360424006 13.889826797698786
74.05514965364142 14.382586095956318
71.99400570304277 11.898947253924176
69.93286175244414 12.490159389432844
67.8717178018455 13.490402662913398
65.81057385124686 15.528218984735592
63.74942990064821 11.232471763317385
61.688285950049575 15.7450115195485
59.627141999450934 16.657806344255643
57.56599804885229 12.229643974040794
55.50485409825365 14.5118257734879
53.44371014765501 13.101836783768755
51.38256619705637 13.482342695790186
49.32142224645773 14.835499160723577
47.260278295859095 15.926313443936053
45.19913434526045 15.122996135591414
43.137990394661806 15.5546342468276
41.076846444063165 14.0508608715164
39.015702493464524 13.625130615223224
36.95455854286588 14.87028114995389
34.89341459226724 15.598324389957499
32.83227064166861 13.486212184662662
30.771126691069963 13.957236539415623
28.70998274047132 16.171849257883064
26.64883878987268 14.51660217759899
24.587694839274043 18.27380838228653
22.5265508886754 22.60066841857821
20.46540693807676 25.08590264186483
18.40426298747812 32.161191773666665
16.34311903687948 37.27702607303212
14.281975086280838 50.722796697427945
12.220831135682197 64.86233763420303
10.159687185083556 80.85970494489126
8.098543234484914 92.74292277041592
6.037399283886275 100.7288412675942
3.976255333287634 94.71407235038438
1.915111382688993 89.07852828698282
-0.14603256790964775 91.02595920693376
-2.2071765185082888 89.21487732022325
-4.2683204691069285 90.46239937937463
-6.3294644197055705 89.78998612474903
-8.39060837030421 90.11323210567909
-10.451752320902852 85.67849524417979
-12.512896271501491 83.13124844089558
-14.574040222100132 80.34541850632021
-16.635184172698775 71.97876012450449
-18.696328123297416 64.52900083657617
-20.757472073896054 59.658992520402656
-22.818616024494695 54.17329375426656
-24.879759975093336 48.621118267924956
-26.94090392569198 43.3396445917906
-29.00204787629062 42.869681474610836
-31.063191826889263 43.771514074286145
-33.12433577748791 48.754831729785835
-35.18547972808654 53.08190089011814
-37.24662367868518 57.125226995392374
-39.30776762928382 62.30010709533674
-41.368911579882464 63.702595702388415
-43.430055530481106 65.08998513054512
-45.49119948107975 63.83156792605576
-47.55234343167839 58.03384101010366
-49.61348738227702 55.80332008241379
-51.67463133287567 53.0131242636137
-53.73577528347431 48.8670886829844
-55.79691923407295 44.33956807924067
-57.85806318467159 42.3740737471441
-59.919207135270234 40.796749236196874
-61.980351085868875 41.47536977843551
-64.04149503646751 44.30037976683563
-66.10263898706616 47.33465210978582
-68.1637829376648 49.42878020624345
-70.22492688826344 52.738994894089814
-72.28607083886207 60.349608808639964
-74.34721478946072 61.23026700544474
-76.40835874005936 63.194816748814674
-78.469502690658 61.74707691683809
-80.53064664125664 58.07907127032233
-82.59179059185529 50.97171275690077
-84.65293454245392 49.25009051914383
-86.71407849305255 47.702688795882324
-88.7752224436512 41.2824529974488
-90.83636639424984 42.3568605809939
-92.89751034484848 35.31256030918706
-94.95865429544712 34.83519118976655
-97.01979824604577 33.601416931014334
-99.08094219664441 28.427865944386156
-101.14208614724305 28.294840813176187
-103.20323009784168 24.702290928967784
-105.26437404844032 24.849129235278586
-107.32551799903896 21.377324367461114
-109.3866619496376 21.60919169920168
-111.44780590023625 20.69419067769032
-113.50894985083488 18.639972023204614
-115.57009380143353 17.77149092417698
-117.63123775203216 19.01956425561151
-119.6923817026308 18.458137124350692
-121.75352565322945 16.573462736009915
-123.81466960382808 17.42392692077439
-125.87581355442673 16.411631600880646
-127.93695750502536 14.201353486174591
-129.998101455624 17.559945201509457
-132.05924540622266 15.76730605477324
-134.12038935682128 13.2356239726106
-136.18153330741993 16.227917260163146
-138.24267725801857 15.532162222567079
-140.30382120861722 16.73001727860575
-142.36496515921584 14.310028459141959
-144.4261091098145 14.931393828683365
-146.4872530604131 15.058136102970838
-148.5483970110118 16.030259595331284
-150.6095409616104 15.295347522342318
-152.67068491220905 18.586308409506096
-154.73182886280767 13.900991164609245
-156.79297281340635 16.42131096271819
-158.854116764005 18.15642371751669
-160.91526071460362 17.01374074161882
-162.97640466520227 19.23426037887811
-165.0375486158009 16.613467498604308
-167.09869256639956 16.84035631253385
-169.15983651699818 18.198216478839967
-171.22098046759683 17.196897541974963
-173.28212441819545 16.62798476462962
-175.3432683687941 18.9493464164269
-177.40441231939275 18.68127202106735
-179.4655562699914 18.034132834305662
-181.52670022059002 17.46138114560826
-183.58784417118866 18.349199190989964
-185.6489881217873 19.694861323206936
-187.71013207238596 18.040681683880265
-189.77127602298458 15.85335327461502
-191.83241997358323 16.096169814707537
-193.89356392418185 20.221060991020316
-195.95470787478052 20.706606971308943
-198.01585182537917 19.805960013847187
-200.07699577597782 17.000833005859143
-202.13813972657647 18.209784590356847
-204.1992836771751 20.017883677897366
-206.26042762777374 20.68525353681962
-208.32157157837239 16.967757687296718
-210.38271552897103 17.800865541544166
-212.44385947956965 17.462923393959763
-214.5050034301683 18.368510679985626
-216.56614738076692 18.90984094790516
-218.6272913313656 18.299245938721285
-220.68843528196422 18.934723694475462
-222.74957923256287 16.478505825530306
-224.81072318316149 19.086519285428757
-226.87186713376016 18.459919718162695
-228.93301108435878 16.86511410673079
-230.99415503495743 16.429025038824598
-233.05529898555605 18.256224922059626
-235.1164429361547 19.29235663386203
-237.17758688675337 17.652130981470712
-239.238730837352 17.47254593705617
-241.29987478795064 18.058073509897515
-243.36101873854926 17.214909894160083
-245.4221626891479 16.959678071939535
-247.48330663974656 19.122569938291605
-249.5444505903452 19.854750969262664
-251.60559454094383 18.157174237825668
-253.66673849154247 17.321828332625994
-255.72788244214112 18.906824668818807
-257.78902639273974 16.25047922254521
-259.8501703433384 16.960460985791503
