# BEGINHEADER
# This file contains data from the SALSA 2m radio telescope.
# DATE=2024-12-12T19:11:0010
# GLON and GLAT given in degrees
# GLON=49.78245367948501
# GLAT=0.22386896947852059
# DATA in two columns below. Col. 1 is velocity relative to LSR [km/s]. Col. 2 is uncalibrated antenna temperature [K].
# ENDHEADER
269.836101620846 9.862890376722863
267.77495767024743 19.066435124656483
265.7138137196488 14.377588553173172
263.65266976905014 16.78078994982714
261.5915258184515 14.785510891359444
259.53038186785284 15.590593615138152
257.4692379172542 15.447319363007823
255.40809396665554 13.360069432346032
253.34695001605692 12.651816547996939
251.28580606545827 13.666333992244308
249.22466211485965 15.247310764320853
247.163518164261 14.21753563690682
245.10237421366236 15.260119896895146
243.0412302630637 14.949710534314576
240.9800863124651 13.77266983961734
238.91894236186644 13.147598846959891
236.8577984112678 14.867127799341059
234.79665446066915 13.997391372942879
232.73551051007053 13.920354456197819
230.67436655947188 13.511104832245538
228.61322260887326 13.763536270144305
226.55207865827458 13.593497678604242
224.49093470767596 11.228300229347806
222.4297907570773 16.11662050836931
220.3686468064787 14.680946561957668
218.30750285588005 14.047689212479238
216.24635890528137 13.30583859057282
214.18521495468275 14.17039255694603
212.1240710040841 14.567931993650442
210.06292705348548 13.035698843058627
208.0017831028868 12.593226571885088
205.94063915228818 14.68212096687455
203.87949520168954 11.97745563291591
201.81835125109092 13.470166462324693
199.75720730049227 14.199580422686283
197.69606334989362 16.34863484403967
195.63491939929497 12.975991847224016
193.57377544869635 14.923921315086574
191.5126314980977 13.8284310386282
189.45148754749908 13.628665626107958
187.3903435969004 14.864050168808147
185.3291996463018 13.111157513538396
183.26805569570314 15.731022515800602
181.20691174510452 12.61873619485456
179.14576779450584 13.291555809965798
177.0846238439072 13.163009892701098
175.02347989330858 14.071890615392267
172.96233594270993 11.156177770806197
170.9011919921113 12.210132561411761
168.84004804151263 15.124607181217394
166.778904090914 14.726582616380464
164.71776014031536 13.575837536428699
162.65661618971674 15.386816631896213
160.5954722391181 14.612871092527326
158.53432828851945 13.039227612895267
156.4731843379208 14.814336008035045
154.41204038732218 14.101261266512196
152.35089643672353 12.679831231521609
150.2897524861249 14.727321789108048
148.22860853552623 13.700277554880268
146.16746458492761 15.00961049942157
144.10632063432897 14.641661818579776
142.04517668373032 13.986682415257677
139.98403273313167 13.682603689311367
137.92288878253302 13.866694194026667
135.8617448319344 13.928333449226042
133.80060088133575 11.691493237580218
131.73945693073713 13.805422032441378
129.6783129801385 15.067964081698442
127.61716902953984 14.605276959682682
125.5560250789412 15.260621521447744
123.49488112834257 14.829116692953901
121.43373717774391 15.371031141525043
119.37259322714527 12.660108895391101
117.31144927654663 13.254567088422625
115.25030532594799 13.276281345554485
113.18916137534934 14.441657850915522
111.12801742475071 16.571860640055462
109.06687347415208 13.210560624016646
107.00572952355343 11.18949322608902
104.9445855729548 14.657902579099801
102.88344162235614 13.585721725264438
100.82229767175751 15.065651546770919
98.76115372115888 15.79230674078144
96.70000977056024 12.122759907313112
94.6388658199616 12.419113730968597
92.57772186936296 15.030219190156625
90.51657791876431 13.813228329441435
88.45543396816568 14.45076908004004
86.39429001756704 13.70542555469658
84.33314606696838 13.209028690970069
82.27200211636975 14.340876507120855
80.2108581657711 15.570589706656431
78.14971421517247 19.20877070572733
76.08857026457382 19.72667997067928
74.02742631397518 22.15605209585303
71.96628236337655 23.136922769081078
69.9051384127779 30.63515907180356
67.84399446217927 37.33784758374319
65.78285051158062 44.09311049734513
63.721706560981985 50.2474822423908
61.660562610383344 54.95339230409832
59.5994186597847 62.64059134920329
57.53827470918606 63.380729464083544
55.47713075858742 70.77886337424646
53.41598680798878 76.53607907780332
51.35484285739014 82.09938261863475
49.2936989067915 83.40392669275414
47.23255495619286 83.04458374945769
45.171411005594216 80.91061074764302
43.110267054995575 76.94932536703034
41.049123104396934 75.55146271184823
38.9879791537983 70.05151952064912
36.92683520319966 68.12511993770673
34.86569125260101 64.64153330211306
32.80454730200237 62.29756585783415
30.743403351403728 62.73545965904097
28.68225940080509 63.54084221247817
26.62111545020645 68.55005526676727
24.55997149960781 74.85870384741901
22.49882754900917 77.68993125435419
20.437683598410526 78.24978882674608
18.376539647811885 75.88108291517683
16.315395697213244 74.56029621713844
14.254251746614607 80.55140631247853
12.193107796015962 88.16824440983122
10.131963845417323 90.82908628475747
8.070819894818682 90.88886537395614
6.009675944220041 81.41807858700419
3.9485319936214007 80.08305930350723
1.8873880430227599 71.94733605578134
-0.1737559075758811 62.38635620924749
-2.2348998581745216 52.176026652836015
-4.296043808773163 43.16971320315271
-6.357187759371803 35.45449003620647
-8.418331709970445 28.938006842016588
-10.479475660569086 29.91199040449194
-12.540619611167726 25.151784079672648
-14.601763561766365 26.073914321184425
-16.662907512365006 23.199842366975236
-18.724051462963647 24.178996095071415
-20.78519541356229 23.939166909388522
-22.84633936416093 22.64880944118765
-24.90748331475957 23.3084142625008
-26.968627265358208 27.63094339989025
-29.029771215956853 27.917564501631166
-31.090915166555494 29.49583431929259
-33.15205911715413 31.01742533431844
-35.21320306775277 31.203922316931354
-37.27434701835141 34.33744637766345
-39.335490968950054 35.29688162913164
-41.396634919548696 35.873242937647255
-43.45777887014734 40.21173878746356
-45.51892282074598 40.94737055667341
-47.58006677134462 42.14464125587959
-49.64121072194326 46.54451156865117
-51.7023546725419 46.693705985735086
-53.76349862314054 43.96731125192044
-55.82464257373918 43.81294705176334
-57.88578652433782 40.16007987315088
-59.94693047493646 38.33438634948086
-62.008074425535106 37.08805422267384
-64.06921837613375 35.279464519241955
-66.13036232673238 31.639256697890616
-68.19150627733102 28.989695520194648
-70.25265022792966 25.756201776316793
-72.31379417852831 25.211127850498674
-74.37493812912696 26.786613840155905
-76.4360820797256 25.04527438915639
-78.49722603032423 24.38078034385433
-80.55836998092288 23.659070992784567
-82.61951393152151 21.28208459138403
-84.68065788212016 20.11788794559332
-86.74180183271879 19.202451787495686
-88.80294578331744 19.321924506908168
-90.86408973391607 18.0130272815894
-92.92523368451471 14.756321813025094
-94.98637763511336 15.95263038598577
-97.04752158571199 15.447376743186512
-99.10866553631064 15.578678646321656
-101.16980948690929 15.779165744809427
-103.23095343750792 15.649108949537363
-105.29209738810657 15.651367886716525
-107.3532413387052 15.9279493055313
-109.41438528930387 17.42402400677679
-111.4755292399025 14.731230416970313
-113.53667319050113 17.915697326121734
-115.59781714109978 16.82597422184403
-117.65896109169842 14.668489574781
-119.72010504229706 16.548437757232193
-121.7812489928957 16.609389734176034
-123.84239294349435 17.68914513230771
-125.90353689409298 16.619497788491035
-127.96468084469161 17.822866646756626
-130.02582479529028 17.119008936419878
-132.08696874588892 17.81445416637501
-134.14811269648754 16.932267440393954
-136.2092566470862 15.255440490633456
-138.2704005976848 16.862775929389894
-140.33154454828346 19.204491210363003
-142.3926884988821 14.464430477291195
-144.45383244948076 15.211580504214373
-146.51497640007938 16.728039230502397
-148.57612035067802 18.25813472897891
-150.63726430127667 18.453173284516563
-152.69840825187532 16.64174440234314
-154.75955220247394 17.56425812993529
-156.8206961530726 19.723583247117553
-158.8818401036712 18.57268628859642
-160.94298405426989 16.552421773980623
-163.0041280048685 16.908522899305666
-165.06527195546715 16.864999354442563
-167.12641590606577 19.67949720195574
-169.18755985666442 16.965506227473725
-171.2487038072631 14.570232875815956
-173.30984775786172 17.288633140018483
-175.37099170846037 17.685052995244376
-177.43213565905899 19.382219603308435
-179.49327960965766 17.169238130464656
-181.55442356025628 17.032917656479885
-183.61556751085493 18.239940348693885
-185.67671146145355 16.62799583110688
-187.7378554120522 18.00342000929325
-189.79899936265085 16.38146008984455
-191.8601433132495 16.095429499908878
-193.92128726384811 18.121696659781936
-195.98243121444676 17.39000112845378
-198.04357516504538 16.983021367552492
-200.10471911564406 18.935605291510047
-202.16586306624268 17.366412286903827
-204.22700701684133 18.01910911373506
-206.28815096743998 20.28573500445939
-208.34929491803862 19.349693742451873
-210.41043886863727 17.23492261197886
-212.4715828192359 17.62562537449018
-214.53272676983454 16.575420701091378
-216.59387072043316 17.46749875268896
-218.65501467103184 19.599458086065876
-220.71615862163046 19.476047178165974
-222.7773025722291 19.415150153740058
-224.83844652282772 18.886243406016874
-226.89959047342637 18.51326657559532
-228.96073442402502 17.43318178528645
-231.02187837462367 16.180244991211808
-233.0830223252223 15.291929621288926
-235.14416627582094 17.513937759605806
-237.20531022641956 17.273740508883023
-239.26645417701823 17.97948993066573
-241.32759812761685 15.39818154825215
-243.3887420782155 17.58306172235108
-245.44988602881415 18.08285405469621
-247.5110299794128 16.542931053902507
-249.57217393001145 18.093075246039145
-251.63331788061006 16.102106168834275
-253.6944618312087 13.452494910528582
-255.75560578180733 16.761044036687682
