# BEGINHEADER
# This file contains data from the SALSA 2m radio telescope.
# DATE=2024-12-12T19:28:0015
# GLON and GLAT given in degrees
# GLON=79.79059054250082
# GLAT=0.09633327697977753
# DATA in two columns below. Col. 1 is velocity relative to LSR [km/s]. Col. 2 is uncalibrated antenna temperature [K].
# ENDHEADER
266.38755989530625 10.054554156084796
264.32641594470766 16.447775336400575
262.26527199410896 13.074237727985318
260.20412804351037 15.975477197564492
258.14298409291166 14.006231312320995
256.08184014231307 16.22774046484544
254.02069619171442 15.865455618603056
251.95955224111577 13.633424955792197
249.89840829051715 15.117909656921524
247.83726433991848 13.750030428877686
245.77612038931986 14.348010944088998
243.7149764387212 14.706858051166158
241.6538324881226 14.39050772745757
239.59268853752394 12.440656157219603
237.53154458692526 14.198355089107539
235.47040063632664 17.026211488755845
233.409256685728 12.102616579170904
231.34811273512938 12.91500956662911
229.2869687845307 12.816105477330296
227.22582483393208 12.970478712908557
225.16468088333343 11.293636182304681
223.1035369327348 12.15953112493257
221.04239298213616 13.053541317912812
218.98124903153752 16.01087919751079
216.92010508093887 14.609960626969709
214.85896113034025 10.993661895167426
212.7978171797416 14.1288746173248
210.73667322914298 14.041313447190637
208.6755292785443 13.37393665587693
206.61438532794568 14.52349809634802
204.55324137734704 14.01400441814505
202.49209742674842 15.985866963683911
200.43095347614974 14.15827627939291
198.3698095255511 15.405255308793842
196.30866557495247 10.894799187292083
194.24752162435382 13.171221079815355
192.1863776737552 11.265450356450204
190.12523372315653 14.4831682380759
188.0640897725579 13.437712640189648
186.00294582195926 10.691154952431686
183.94180187136064 13.4724869021541
181.880657920762 13.551894400353314
179.81951397016334 13.906046054195494
177.7583700195647 13.960877443563957
175.69722606896607 12.533362542375011
173.63608211836743 12.907351874920817
171.5749381677688 15.572650917343976
169.51379421717013 14.876678658668853
167.4526502665715 17.376980069952303
165.39150631597286 15.316709255946384
163.33036236537424 15.979456451528868
161.26921841477557 13.757233026079952
159.20807446417692 11.446558496264482
157.1469305135783 14.129200187126354
155.08578656297965 15.004822876622582
153.02464261238103 12.906752681546056
150.96349866178235 13.501501732076276
148.90235471118373 14.503451216598236
146.84121076058508 12.519655033729931
144.78006680998647 14.140246853380445
142.71892285938782 11.354238953506064
140.65777890878917 14.201060548124664
138.59663495819052 13.436948022741452
136.5354910075919 14.13998618862122
134.47434705699325 11.529541077004836
132.4132031063946 13.934244086002439
130.35205915579598 12.763599958655911
128.29091520519734 12.29525682174972
126.22977125459869 13.348659116844527
124.16862730400004 15.452377389250374
122.1074833534014 13.183132164009846
120.04633940280276 13.225369615264308
117.98519545220412 15.697020542408737
115.92405150160549 13.37198089340103
113.86290755100684 14.248887661368835
111.80176360040821 12.291887759501826
109.74061964980956 14.957379242113872
107.67947569921093 13.30320477381213
105.61833174861228 11.130562735957566
103.55718779801363 15.563562435132706
101.496043847415 14.93328616681262
99.43489989681635 13.975427906846576
97.37375594621771 13.794855508002074
95.31261199561906 13.032261744803579
93.25146804502043 12.186018087628886
91.19032409442178 13.164365443661085
89.12918014382315 12.81573705392106
87.06803619322451 15.690844938136058
85.00689224262587 16.214541354268682
82.94574829202723 15.111388286894062
80.88460434142858 13.39265420998114
78.82346039082995 13.751885925755149
76.7623164402313 13.431491209629012
74.70117248963267 14.544257517546894
72.64002853903403 13.395779411826412
70.57888458843539 13.166885958672417
68.51774063783675 13.06957394999369
66.4565966872381 15.390016713265824
64.39545273663946 15.750379105176709
62.33430878604082 14.904965114500492
60.27316483544218 13.415978730222397
58.21202088484354 10.845098333934942
56.1508769342449 14.19308778970611
54.08973298364626 14.235751605919143
52.028589033047616 15.479724268301037
49.967445082448975 13.372721101045677
47.906301131850334 13.118356035427901
45.84515718125169 13.59429540490801
43.78401323065305 13.468079405665954
41.72286928005441 16.2519503156571
39.66172532945578 16.126339076075222
37.600581378857136 16.699543635578255
35.53943742825849 15.17729994575022
33.47829347765985 19.137881619334152
31.41714952706121 20.0053681439668
29.356005576462568 20.54256791101681
27.294861625863927 23.58136472431892
25.233717675265286 25.594002816954823
23.17257372466665 31.38270581686003
21.111429774068004 37.90831226883762
19.050285823469363 51.468965762359446
16.989141872870725 67.35513604243252
14.927997922272084 85.88155238985262
12.866853971673441 105.21273461099744
10.805710021074802 121.05455831089014
8.744566070476159 127.3985827827564
6.68342211987752 129.32644611920395
4.622278169278879 124.27650091264648
2.5611342186802375 113.74618135826351
0.499990268081597 121.4267593500437
-1.5611536825170438 122.77874278234442
-3.6222976331156844 117.93386508816371
-5.683441583714325 115.94757377265353
-7.744585534312966 104.9479441669619
-9.805729484911605 96.76967362721832
-11.866873435510248 91.89854221334575
-13.928017386108888 71.31301554089039
-15.989161336707529 65.22013891917383
-18.05030528730617 53.14673686211391
-20.11144923790481 46.276802571402285
-22.172593188503452 45.763866744743936
-24.233737139102093 42.02213999545451
-26.29488108970073 39.752656972361095
-28.356025040299375 42.79134386460089
-30.417168990898016 44.781624367095816
-32.478312941496654 50.089830282499214
-34.539456892095295 52.483892906697676
-36.600600842693936 55.04021092330116
-38.66174479329258 61.11130277196771
-40.72288874389122 58.43999587001071
-42.78403269448986 60.0962856440665
-44.8451766450885 58.559108866680376
-46.90632059568714 54.41238077606187
-48.96746454628578 49.16310377876587
-51.028608496884424 42.23454879796541
-53.089752447483065 39.26257756992487
-55.150896398081706 36.61965311431323
-57.21204034868034 35.586073301356116
-59.27318429927898 35.719342369766245
-61.33432824987763 38.68151327964778
-63.39547220047627 47.15623842046523
-65.45661615107491 48.30925914530744
-67.51776010167355 55.0636779525156
-69.5789040522722 56.85812503653495
-71.64004800287083 56.32448103538422
-73.70119195346948 53.12798925273966
-75.76233590406811 52.091370460609056
-77.82347985466674 48.97864896885019
-79.88462380526539 47.325796230938295
-81.94576775586403 47.657297055000555
-84.00691170646267 42.1439139075408
-86.06805565706131 42.432101494279614
-88.12919960765996 37.43377215149677
-90.1903435582586 36.26011110679736
-92.25148750885724 35.452374704360246
-94.31263145945589 30.13977951802063
-96.37377541005452 26.275062948685168
-98.43491936065317 25.760153211533822
-100.4960633112518 22.694630439480125
-102.55720726185045 23.757856565978607
-104.61835121244908 23.05511957451304
-106.67949516304772 22.65099993155115
-108.74063911364637 20.835643839120984
-110.801783064245 18.599305355757664
-112.86292701484365 18.11299883492363
-114.92407096544228 18.408081528875346
-116.98521491604093 21.21460695649571
-119.04635886663957 17.16381177759882
-121.1075028172382 18.868984045795255
-123.16864676783685 16.26119231660334
-125.22979071843548 18.620713811627514
-127.29093466903413 18.610401050858567
-129.35207861963278 16.972943739163153
-131.41322257023143 18.306352495636276
-133.47436652083005 18.697955631850018
-135.5355104714287 18.810338186138374
-137.5966544220273 15.688418636355363
-139.657798372626 16.546796441371534
-141.7189423232246 16.008708154450456
-143.78008627382326 16.48028330445825
-145.84123022442188 18.894228529536242
-147.90237417502053 14.817278641019481
-149.9635181256192 16.188706358482136
-152.02466207621782 16.67532996377506
-154.08580602681647 18.186170424852435
-156.1469499774151 17.757461317554608
-158.20809392801377 17.108420589576582
-160.2692378786124 17.144374898894593
-162.33038182921103 18.7090233316348
-164.39152577980965 19.507991852456485
-166.4526697304083 15.450272910372414
-168.51381368100695 16.62306846555971
-170.5749576316056 17.450785895602568
-172.63610158220422 19.502806635929723
-174.69724553280287 18.280855050066453
-176.7583894834015 16.215831642401024
-178.81953343400016 19.40976737352843
-180.88067738459878 19.641627401042225
-182.94182133519743 18.468218356687537
-185.00296528579605 18.04807620845159
-187.0641092363947 19.567943840003878
-189.12525318699338 17.811428530250577
-191.186397137592 18.158504911224636
-193.24754108819064 19.64257877433467
-195.30868503878926 18.85162122144891
-197.36982898938794 17.758364537937656
-199.43097293998656 19.47783137076453
-201.4921168905852 20.905194521223187
-203.55326084118383 19.924310883765237
-205.61440479178248 17.852667670560123
-207.67554874238112 17.930364011151983
-209.73669269297977 18.581084141854628
-211.7978366435784 19.585851273004774
-213.85898059417704 16.01558597692152
-215.92012454477566 16.47457710267732
-217.98126849537434 18.258275208169515
-220.04241244597296 19.70863475150947
-222.1035563965716 19.58395814470566
-224.16470034717022 19.373788420579803
-226.2258442977689 17.046765216066593
-228.28698824836755 20.061547710837228
-230.34813219896617 19.15561853050884
-232.40927614956482 18.59639978035755
-234.47042010016344 18.43910702505464
-236.5315640507621 18.83718877463706
-238.59270800136073 19.97132179764665
-240.65385195195938 19.979512290040795
-242.714995902558 19.091187010434062
-244.77613985315665 18.707921922062482
-246.8372838037553 19.53185954103141
-248.89842775435395 17.997395546019497
-250.95957170495257 18.836170232853338
-253.02071565555121 18.96483776084673
-255.08185960614986 19.46028488423576
-257.1430035567485 15.548888629704358
-259.20414750734716 19.374430098013658
