# BEGINHEADER
# This file contains data from the SALSA 2m radio telescope.
# DATE=2024-12-12T19:21:0056
# GLON and GLAT given in degrees
# GLON=69.80698759563755
# GLAT=0.14910061234382294
# DATA in two columns below. Col. 1 is velocity relative to LSR [km/s]. Col. 2 is uncalibrated antenna temperature [K].
# ENDHEADER
267.6290343733107 8.986959893140016
265.567890422712 17.003819964472935
263.5067464721134 15.484471898641798
261.4456025215148 17.941768787935725
259.3844585709161 15.671338668226895
257.32331462031743 13.892189257541693
255.2621706697188 16.907950533744415
253.2010267191202 16.057716432778545
251.13988276852155 15.47543782585639
249.0787388179229 16.93705093465294
247.01759486732425 16.96986060991516
244.95645091672563 14.614398074224697
242.89530696612698 15.773681866246015
240.83416301552836 13.376417272180213
238.77301906492968 16.670001518025064
236.71187511433106 13.683722687362923
234.65073116373242 14.711839287849795
232.5895872131338 14.891855490650403
230.52844326253512 14.555724784381612
228.4672993119365 14.217770162405207
226.40615536133785 14.000313319687152
224.34501141073923 16.42008943589473
222.28386746014058 14.400634657425824
220.2227235095419 17.110125214217263
218.1615795589433 14.457117228414731
216.10043560834464 15.11156085838052
214.03929165774602 17.238168851954946
211.97814770714737 11.484574824692599
209.91700375654872 14.529172419636586
207.85585980595008 13.316670976433318
205.79471585535146 12.72550889023077
203.7335719047528 15.72225126199868
201.67242795415416 15.44316533595642
199.6112840035555 14.533881160206729
197.55014005295686 15.33467808038053
195.48899610235821 15.318232140250707
193.4278521517596 12.719380093552054
191.36670820116095 15.11120066100226
189.3055642505623 15.342796254653763
187.24442029996365 16.37354114669009
185.18327634936503 15.053206986283971
183.12213239876638 13.826758470276038
181.06098844816773 15.097380901317056
178.9998444975691 11.54687121720108
176.93870054697044 15.47921355001921
174.87755659637182 13.811694412305053
172.81641264577317 16.59579350321496
170.75526869517455 16.29599062673604
168.69412474457587 14.694486394944848
166.63298079397725 15.697901248204563
164.5718368433786 14.208416273619525
162.51069289277999 15.895914847841917
160.4495489421813 15.193418252185355
158.3884049915827 16.316003904238965
156.32726104098404 14.012935793822196
154.26611709038542 15.360848347334432
152.20497313978677 15.685770668640847
150.14382918918812 14.448680769930387
148.08268523858948 12.230924107153946
146.02154128799086 14.401713429415269
143.9603973373922 11.396835883680328
141.89925338679356 15.504870001153021
139.8381094361949 11.382003189498713
137.77696548559626 13.526872396033326
135.71582153499764 16.59225452574135
133.654677584399 14.312024176717657
131.59353363380035 15.070893345338748
129.53238968320173 14.691149595844932
127.47124573260308 13.550653780989323
125.41010178200443 12.894569495581042
123.34895783140578 15.089442386988619
121.28781388080715 13.184026481422976
119.2266699302085 11.15226289672193
117.16552597960987 13.710260657621765
115.10438202901123 16.48684752955632
113.04323807841259 17.101581406616017
110.98209412781395 11.153736843604225
108.9209501772153 13.79310439892591
106.85980622661667 14.08694043210315
104.79866227601802 16.19331171881627
102.73751832541939 13.676384605812736
100.67637437482075 13.380824638406816
98.61523042422212 13.470484427470968
96.55408647362347 14.560056049321037
94.49294252302484 16.20509610468751
92.4317985724262 14.457645799538692
90.37065462182755 13.169418314860703
88.30951067122892 16.11975735285315
86.24836672063026 15.800441445886952
84.18722277003162 13.733189400910542
82.12607881943298 11.552272775667198
80.06493486883434 14.51002957933795
78.00379091823571 16.841700179775955
75.94264696763706 12.695845308741914
73.88150301703843 13.287537808024105
71.82035906643978 13.461491428116368
69.75921511584114 14.235653245504416
67.69807116524251 14.954641078795289
65.63692721464386 15.21751620671596
63.57578326404522 12.629935607501624
61.51463931344658 14.09153445698428
59.453495362847946 14.416743282754899
57.3923514122493 14.357179153131378
55.331207461650656 14.119080169889024
53.270063511052015 15.27771530186368
51.208919560453374 14.57982876690717
49.14777560985473 14.365872092813284
47.08663165925609 16.853637015137465
45.02548770865745 14.186331217991334
42.96434375805881 16.51855394251337
40.90319980746017 15.412316512318894
38.84205585686152 15.362220307303868
36.78091190626289 17.590091402603765
34.719767955664246 18.179887502593594
32.658624005065604 19.661994511921176
30.597480054466963 20.243803224322004
28.536336103868322 25.048713924366044
26.475192153269685 30.121049642120933
24.414048202671047 34.186951498052515
22.352904252072403 42.01857332079855
20.29176030147376 56.167557089408795
18.23061635087512 69.643651173759
16.169472400276483 82.00676502483525
14.10832844967784 96.9529424152701
12.047184499079199 113.00542785679055
9.986040548480558 128.7340822649477
7.924896597881916 135.8241484282989
5.863752647283276 138.08226466556846
3.8026086966846355 127.97029165707328
1.7414647460859947 127.48333259378009
-0.3196792045126461 122.14922887192273
-2.380823155111287 106.5319180231775
-4.441967105709928 88.11420059567155
-6.503111056308569 78.20587089146012
-8.56425500690721 70.28624493816363
-10.62539895750585 62.317895261284264
-12.68654290810449 57.94275323327324
-14.747686858703132 53.87092445615018
-16.80883080930177 52.130638209444655
-18.869974759900412 51.591897159613616
-20.931118710499053 48.37172229348313
-22.992262661097694 48.31545717661829
-25.05340661169634 47.243163289054046
-27.11455056229498 45.22544178224164
-29.175694512893617 40.88590545504086
-31.23683846349226 33.86297589120541
-33.297982414090896 32.900383668069644
-35.35912636468954 31.352242714064456
-37.42027031528818 27.578856539855657
-39.481414265886826 28.905414369894856
-41.54255821648547 27.98634330120932
-43.60370216708411 29.28561301295713
-45.66484611768275 31.440633603139442
-47.725990068281384 29.275209524612023
-49.78713401888002 34.694459021518256
-51.84827796947866 39.52930779070972
-53.9094219200773 40.98479712829489
-55.97056587067594 43.965991700213465
-58.03170982127458 45.33632550863262
-60.09285377187323 53.939379207772696
-62.15399772247187 55.11538300156297
-64.2151416730705 59.236686078194765
-66.27628562366914 61.420989754784934
-68.3374295742678 61.56192007868919
-70.39857352486644 61.590458961365854
-72.45971747546507 60.708599390451496
-74.52086142606372 57.80172057589776
-76.58200537666235 53.793178812830504
-78.643149327261 42.28294702474669
-80.70429327785963 38.756252378499134
-82.76543722845828 36.23855176012363
-84.82658117905692 27.024479387615244
-86.88772512965555 27.56614137874157
-88.9488690802542 24.719640364894214
-91.01001303085283 22.53767470679375
-93.07115698145148 20.66130756139211
-95.13230093205011 22.8676572337804
-97.19344488264876 20.07139916688706
-99.25458883324741 21.365308972037713
-101.31573278384604 20.457234715024025
-103.37687673444469 20.43804810797171
-105.43802068504333 19.853924483219
-107.49916463564197 21.128840895095
-109.56030858624062 22.437424046713442
-111.62145253683926 21.862944828222368
-113.6825964874379 19.499159032917166
-115.74374043803654 17.4667152782937
-117.80488438863519 17.742959791424244
-119.86602833923382 17.39504094428216
-121.92717228983246 15.203558935875266
-123.9883162404311 17.0737140204139
-126.04946019102974 17.534349369748863
-128.1106041416284 14.463813390916727
-130.17174809222703 17.36667708131938
-132.23289204282568 16.750799629969425
-134.2940359934243 17.896027381262154
-136.35517994402295 17.187862039083257
-138.41632389462157 15.673477139880527
-140.47746784522025 16.08753497818599
-142.53861179581887 18.859837874532296
-144.59975574641751 13.432955861019106
-146.66089969701613 16.233317953050854
-148.72204364761478 15.58218252973087
-150.78318759821343 14.035962810305472
-152.84433154881208 17.606721377681403
-154.9054754994107 17.523961410869227
-156.96661945000935 16.558040303213726
-159.027763400608 18.46098919665902
-161.08890735120664 19.419271100106872
-163.15005130180526 17.446042783032574
-165.2111952524039 18.17412331705255
-167.27233920300256 16.86213356574007
-169.3334831536012 15.123403224683537
-171.39462710419986 18.184912764596866
-173.45577105479848 18.90819828576371
-175.51691500539712 18.420618639742088
-177.57805895599574 19.29486327969848
-179.63920290659442 16.815147619552327
-181.70034685719304 17.990497002573612
-183.7614908077917 17.307835035738687
-185.8226347583903 17.12947097305919
-187.88377870898898 16.05994637325146
-189.9449226595876 17.415507943589184
-192.00606661018625 17.12443397042066
-194.06721056078487 19.039012703406527
-196.12835451138352 18.134626177114846
-198.18949846198214 16.4762729883262
-200.2506424125808 17.405083958777084
-202.3117863631794 15.7277409581822
-204.37293031377806 16.699856937213617
-206.43407426437673 19.563562307855044
-208.49521821497535 17.526595621492344
-210.556362165574 19.234360323720683
-212.61750611617262 15.891689430631
-214.6786500667713 19.24617111059862
-216.73979401736992 19.945439328473558
-218.80093796796857 18.349900484264534
-220.86208191856718 19.069549198843465
-222.92322586916583 19.483861547002693
-224.98436981976448 19.839738774271424
-227.04551377036313 16.97674945819515
-229.10665772096175 19.857245659442572
-231.1678016715604 18.67905534380824
-233.22894562215902 17.444309212329077
-235.2900895727577 18.974266273135754
-237.3512335233563 19.58030362399814
-239.41237747395496 18.06482680854344
-241.47352142455358 19.305452885514374
-243.53466537515223 19.186046379002008
-245.5958093257509 19.33121896211632
-247.65695327634953 20.045733753594174
-249.71809722694817 21.223847000075498
-251.7792411775468 18.283571910474308
-253.84038512814547 17.63384458527362
-255.9015290787441 16.073212728468746
-257.96267302934274 20.101524771953336
