# BEGINHEADER
# This file contains data from the SALSA 2m radio telescope.
# DATE=2024-12-12T19:15:0017
# GLON and GLAT given in degrees
# GLON=57.36541211608795
# GLAT=0.19699543003291245
# DATA in two columns below. Col. 1 is velocity relative to LSR [km/s]. Col. 2 is uncalibrated antenna temperature [K].
# ENDHEADER
269.0548499234181 7.029663366051308
266.9937059728195 18.35978168281516
264.9325620222208 15.239082889952828
262.87141807162214 17.07853939721422
260.8102741210235 15.813244923387986
258.7491301704249 13.5885092396116
256.68798621982626 15.225429324584551
254.6268422692276 17.621847580036015
252.565698318629 14.575482333375259
250.5045543680303 16.245931593761377
248.4434104174317 16.441674262693272
246.38226646683304 15.31733505584632
244.3211225162344 15.176498807607341
242.25997856563575 15.294975826589706
240.1988346150371 16.375124720671284
238.13769066443848 13.61414999089734
236.07654671383983 14.372558612306616
234.0154027632412 15.632242153708438
231.95425881264254 15.787644348502988
229.89311486204392 16.00439445365243
227.83197091144527 15.921428579961738
225.77082696084665 14.406844364793393
223.709683010248 12.891541078021822
221.64853905964935 13.351093350702055
219.5873951090507 14.050191611119466
217.52625115845208 16.482628813589965
215.46510720785344 15.091506753679495
213.40396325725482 15.628309804643282
211.34281930665614 15.95486870322838
209.28167535605752 16.02172031619325
207.22053140545887 16.101892399680693
205.15938745486022 15.141608258379025
203.09824350426157 14.815103412183095
201.03709955366293 11.711794069111646
198.9759556030643 14.425628111207422
196.91481165246566 12.936162504565766
194.85366770186704 16.350547723883405
192.79252375126836 13.165244339908543
190.73137980066974 16.736857330200927
188.6702358500711 14.698201496627272
186.60909189947247 14.08134371952663
184.54794794887383 13.718338327152727
182.48680399827518 14.773522134447752
180.42566004767653 14.922487859608523
178.3645160970779 13.70952261491051
176.30337214647926 16.738014787781648
174.2422281958806 12.972061708234893
172.18108424528197 14.716975208732137
170.11994029468335 16.63841753676785
168.0587963440847 15.120952962555675
165.99765239348605 13.451997371703499
163.9365084428874 14.451902374502405
161.87536449228875 16.775257377288433
159.81422054169013 15.828849003022588
157.75307659109149 14.511913632806763
155.69193264049287 16.689267078712554
153.6307886898942 14.368400933314694
151.56964473929557 15.120505778129926
149.50850078869692 14.285023638588815
147.4473568380983 14.490982202526133
145.38621288749962 13.896498540213694
143.325068936901 12.382437175781396
141.26392498630236 14.72961968752738
139.20278103570374 14.369785426147045
137.1416370851051 14.562888346863694
135.08049313450644 13.051832704814204
133.0193491839078 14.04301981002417
130.95820523330917 15.519228776017929
128.89706128271052 13.601716126316113
126.83591733211188 14.373096771463764
124.77477338151324 13.300186325340228
122.7136294309146 13.895954021842599
120.65248548031596 12.828828235767245
118.59134152971731 14.519104791976618
116.53019757911868 14.971308277014632
114.46905362852004 11.892741858777994
112.4079096779214 14.882169806328726
110.34676572732276 13.792782730247703
108.2856217767241 16.07990397597033
106.22447782612547 14.221915247723771
104.16333387552682 18.26476747320829
102.10218992492818 14.851008209164979
100.04104597432955 15.265281866013234
97.97990202373089 14.438669871108553
95.91875807313225 13.641040520023882
93.85761412253362 13.858045621372748
91.79647017193497 13.533835553076182
89.73532622133634 15.614538915139992
87.67418227073769 15.853010551609149
85.61303832013905 14.489082165440228
83.5518943695404 12.710107613646857
81.49075041894177 14.603335852093371
79.42960646834314 13.743722372396459
77.36846251774449 16.659304162951898
75.30731856714586 14.598008070729605
73.24617461654721 14.550238013712383
71.18503066594856 16.59248802897851
69.12388671534991 13.950430365209575
67.06274276475128 15.569008646580864
65.00159881415264 16.288843031772117
62.940454863554 16.39005113870112
60.87931091295536 17.985362369201752
58.81816696235672 17.933945827285704
56.75702301175808 15.434993909297459
54.69587906115944 22.35874906747038
52.6347351105608 24.406277974856355
50.573591159962156 27.3014415983463
48.512447209363515 33.20414690104305
46.45130325876488 39.5839287950234
44.39015930816624 42.49752383275629
42.32901535756759 49.333164916772375
40.26787140696895 55.499267457584935
38.20672745637031 59.363293067659804
36.14558350577167 67.02046886268447
34.08443955517303 76.82115360918895
32.023295604574386 83.33129784480198
29.962151653975752 87.80951571575973
27.901007703377108 86.183199415959
25.839863752778466 87.38359598708487
23.77871980217983 86.71176421917755
21.71757585158119 88.2618241875188
19.65643190098255 89.39086464804639
17.595287950383906 89.58813356770918
15.534143999785266 93.11456137658652
13.473000049186625 97.61954859256299
11.411856098587986 103.00484792892252
9.350712147989345 105.87986454296492
7.289568197390703 97.84261078327646
5.228424246792062 84.46884520781123
3.167280296193421 79.43839955834386
1.1061363455947808 77.26202862945487
-0.9550076050038601 68.84465829348038
-3.016151555602501 65.92630243557588
-5.077295506201142 57.6534801349037
-7.138439456799782 52.478698734753195
-9.199583407398423 49.810422503691655
-11.260727357997062 46.61462326848504
-13.321871308595705 45.23545004173486
-15.383015259194345 42.95390332100339
-17.444159209792986 36.996558148648596
-19.505303160391627 29.910624441526924
-21.566447110990268 31.991553872817068
-23.62759106158891 28.645544361326408
-25.68873501218755 24.48226943154605
-27.74987896278619 26.13817143562499
-29.811022913384836 26.17420161253016
-31.872166863983473 25.209004675610462
-33.933310814582114 24.135959270964594
-35.994454765180755 22.073700950058914
-38.0555987157794 23.034184344440636
-40.11674266637804 24.456922723545105
-42.17788661697668 28.40969477398274
-44.23903056757532 28.461094858797924
-46.30017451817396 30.635529082687576
-48.3613184687726 35.90697827162423
-50.422462419371236 38.816562029266954
-52.48360636996988 43.96546888281703
-54.544750320568525 45.81170461260523
-56.605894271167166 46.35206347115589
-58.66703822176581 48.797977364842296
-60.72818217236445 53.382355364292444
-62.78932612296309 51.140800298835245
-64.85047007356172 53.45400864564299
-66.91161402416037 48.45779606847896
-68.972757974759 44.07285314818782
-71.03390192535764 41.515392038044915
-73.09504587595629 39.67670815163596
-75.15618982655492 36.7485573049166
-77.21733377715357 37.099645718616216
-79.2784777277522 31.34342093769017
-81.33962167835085 30.84622084012596
-83.4007656289495 28.806631090148965
-85.46190957954813 24.51120014880534
-87.52305353014678 23.04991538854534
-89.58419748074542 23.136244482601924
-91.64534143134406 20.80954770666759
-93.7064853819427 20.629404785269106
-95.76762933254135 19.64256055334087
-97.82877328313998 17.31533161927482
-99.88991723373861 21.755045358776492
-101.95106118433725 22.019775978974785
-104.0122051349359 18.532704334275248
-106.07334908553453 19.10896070234614
-108.13449303613316 20.30573230765215
-110.19563698673181 18.867720356131798
-112.25678093733045 18.701208529433092
-114.3179248879291 16.7684689776086
-116.37906883852773 18.611762790565024
-118.44021278912636 16.62198169787643
-120.50135673972501 16.649607745868913
-122.56250069032365 18.338956102835592
-124.62364464092231 17.845663043134667
-126.68478859152094 19.298796946471146
-128.7459325421196 17.9042560056754
-130.8070764927182 17.65755055642983
-132.86822044331686 16.462916857149484
-134.92936439391548 16.747650660643117
-136.99050834451415 16.80267597668543
-139.05165229511277 17.69564072707505
-141.11279624571142 17.901495604261438
-143.17394019631007 19.968605857075428
-145.23508414690872 22.466019807868307
-147.29622809750737 16.87966631611251
-149.357372048106 18.267825007184594
-151.41851599870463 18.807783218867957
-153.47965994930325 19.310218115807448
-155.54080389990193 17.74669538496432
-157.60194785050055 16.871183080544057
-159.6630918010992 18.93759568859848
-161.72423575169782 17.591500557846214
-163.78537970229647 19.414774560813065
-165.84652365289512 18.844476452647033
-167.90766760349376 20.403301789972552
-169.96881155409238 18.776636654423736
-172.02995550469103 19.273114503932106
-174.09109945528965 19.146100810686765
-176.15224340588833 19.376261724144207
-178.21338735648695 19.630322971891697
-180.2745313070856 19.54239016801061
-182.33567525768424 18.802344062827853
-184.3968192082829 18.305883534592652
-186.45796315888154 19.133877927160597
-188.51910710948016 18.60493045072956
-190.5802510600788 19.185113095901862
-192.64139501067743 22.24447903460917
-194.7025389612761 20.98543421325042
-196.76368291187472 20.050656652380376
-198.82482686247337 18.854999722371137
-200.885970813072 17.88125265818563
-202.94711476367064 19.334487275033563
-205.0082587142693 18.829642836362563
-207.06940266486794 19.544363784496248
-209.13054661546656 18.056134223606616
-211.1916905660652 19.92376811903179
-213.25283451666385 19.930781094377917
-215.3139784672625 19.26354477111602
-217.37512241786112 19.472368143878786
-219.43626636845977 18.656198480789815
-221.49741031905842 19.620944671459927
-223.55855426965707 20.903442120435777
-225.6196982202557 19.637882928503643
-227.68084217085433 19.354626738626216
-229.74198612145298 19.835411592935667
-231.8031300720516 22.235704118607252
-233.86427402265028 20.42845215669008
-235.9254179732489 21.28629131385224
-237.98656192384755 19.28572028811547
-240.04770587444617 19.02647763966598
-242.10884982504484 17.679050018154744
-244.16999377564346 20.606169581395207
-246.2311377262421 18.657819007618354
-248.29228167684073 19.607755207660645
-250.35342562743938 20.189493634327132
-252.41456957803803 19.662275893338602
-254.47571352863667 19.03404400375929
-256.5368574792353 21.668442738600973
