# BEGINHEADER
# This file contains data from the SALSA 2m radio telescope.
# DATE=2024-12-12T19:33:0007
# GLON and GLAT given in degrees
# GLON=87.36571548354799
# GLAT=0.006455907906667284
# DATA in two columns below. Col. 1 is velocity relative to LSR [km/s]. Col. 2 is uncalibrated antenna temperature [K].
# ENDHEADER
265.3876505299506 8.440773786982215
263.3265065793519 18.365249704471022
261.2653626287533 15.762680753301385
259.20421867815463 13.441731248426946
257.143074727556 14.992521626788363
255.08193077695734 14.34796583549882
253.02078682635872 16.816347481061932
250.95964287576007 13.35911438620139
248.89849892516145 14.676438542276536
246.83735497456277 15.322836269972209
244.77621102396415 13.919159382862366
242.7150670733655 13.423575930391511
240.65392312276686 16.530429761162093
238.59277917216824 12.468525481071488
236.53163522156956 16.466708149337297
234.47049127097094 15.568992749121717
232.4093473203723 12.721471519428423
230.34820336977367 15.73720429005074
228.287059419175 11.26657281915621
226.22591546857637 14.715926331214199
224.16477151797773 15.607775277616836
222.1036275673791 14.669875340380658
220.04248361678046 12.550047249688
217.9813396661818 14.457624719376586
215.92019571558316 13.979598923811787
213.85905176498454 13.759180450335041
211.7979078143859 13.905972926880198
209.73676386378727 14.927495565749636
207.6756199131886 12.829465161153932
205.61447596258998 16.20652023313759
203.55333201199133 14.620817745467214
201.49218806139268 11.788909864196917
199.43104411079403 13.942702437249922
197.36990016019536 16.093068193985946
195.30875620959674 13.24064285942384
193.2476122589981 13.210348091696401
191.18646830839947 12.679888489865249
189.12532435780082 14.844941747569816
187.06418040720217 16.183695026047985
185.00303645660352 15.204440454229923
182.9418925060049 14.68424726687087
180.88074855540626 14.426142822271359
178.81960460480764 14.930115223991933
176.75846065420896 12.44647051504013
174.69731670361034 16.049025623333215
172.6361727530117 13.579220858210522
170.57502880241307 11.789310926888271
168.51388485181442 16.328535347187508
166.45274090121578 14.214178464771566
164.39159695061713 13.373453155187072
162.33045300001848 15.24101342951541
160.26930904941986 13.130753499276475
158.20816509882118 15.030266674156689
156.14702114822256 13.363621134067703
154.08587719762392 13.423137417451677
152.0247332470253 16.266737788265974
149.96358929642665 17.079234647266087
147.902445345828 14.781186773224395
145.84130139522935 15.059006006616224
143.78015744463073 13.669879362607166
141.71901349403208 13.12200827465877
139.65786954343346 14.866593172509646
137.5967255928348 15.994531986943098
135.53558164223617 14.36451188951262
133.47443769163752 13.816031640922498
131.4132937410389 14.670987128655996
129.35214979044025 11.643584629653123
127.2910058398416 12.641711074038026
125.22986188924295 14.232286838635675
123.16871793864432 16.27174144129734
121.10757398804567 15.948410548098622
119.04643003744704 13.226313330585553
116.98528608684839 13.306320927156388
114.92414213624976 13.150946575982228
112.86299818565112 14.602046175247311
110.80185423505247 14.027631002729006
108.74071028445384 12.603700541173874
106.67956633385518 15.31159053125411
104.61842238325654 13.466803282885824
102.5572784326579 11.329472302159573
100.49613448205926 12.823748497486884
98.43499053146063 14.822294750279088
96.37384658086198 15.169776397587603
94.31270263026335 14.212773129152406
92.2515586796647 14.69720321193962
90.19041472906606 14.216695871234483
88.12927077846741 14.434360559558082
86.06812682786878 13.132052677968527
84.00698287727015 16.384632721520727
81.9458389266715 12.739397244689306
79.88469497607286 13.305162807619656
77.82355102547422 15.8250124129381
75.76240707487558 14.77711489897525
73.70126312427693 12.557636950853345
71.6401191736783 15.450905976106782
69.57897522307967 14.187856664368885
67.517831272481 15.598628967274806
65.45668732188237 13.605742864122561
63.395543371283736 14.739076430275617
61.334399420685095 13.437829579304195
59.273255470086454 13.760178642767402
57.212111519487806 14.86364773666877
55.150967568889165 12.828465850021065
53.089823618290524 11.986401963779333
51.02867966769189 11.670140667302853
48.96753571709325 14.134109644635236
46.906391766494615 13.93255888430966
44.84524781589597 14.31641866169565
42.78410386529733 14.91550450993734
40.72295991469869 12.831267655911436
38.66181596410004 14.162217680494642
36.6006720135014 16.805435733435793
34.53952806290277 16.758490571777582
32.47838411230413 14.629725128081313
30.417240161705486 16.571036499695037
28.356096211106845 15.421787926250415
26.294952260508204 16.115124853249263
24.23380830990956 18.88794119344447
22.17266435931092 19.837734122810343
20.11152040871228 24.150623342651414
18.05037645811364 26.328333157782755
15.989232507514998 30.460729662768863
13.928088556916359 36.98137366671018
11.866944606317716 49.970974454777064
9.805800655719075 68.49633083730413
7.744656705120435 83.18570977653512
5.683512754521795 95.2086617674303
3.622368803923154 92.15009876884102
1.5612248533245132 85.12142322569406
-0.49991909727412764 84.9935253785055
-2.5610630478727687 84.12909396515138
-4.622206998471409 82.8356716422295
-6.683350949070051 83.08077374706768
-8.744494899668691 80.11333894268405
-10.805638850267332 77.44838259333557
-12.866782800865971 79.19732292589006
-14.927926751464613 75.15886209157887
-16.989070702063255 74.5163812102619
-19.050214652661893 68.9987259719173
-21.111358603260534 62.670436783200195
-23.172502553859175 60.50919738377248
-25.233646504457816 54.104226393231656
-27.294790455056457 53.01864243772278
-29.3559344056551 45.9655201783171
-31.417078356253736 47.50595790676851
-33.47822230685238 47.42185724327242
-35.539366257451015 51.332397624572295
-37.600510208049656 55.79867690135383
-39.661654158648304 57.281260990218215
-41.722798109246945 61.14612071140909
-43.783942059845586 61.07779405869904
-45.84508601044423 60.22574707254198
-47.90622996104287 59.777016794709034
-49.96737391164151 58.024704962832665
-52.02851786224015 53.67318581527118
-54.08966181283879 53.01707315017604
-56.15080576343743 52.023479848410894
-58.21194971403608 50.79763673582478
-60.273093664634715 46.61856613137991
-62.334237615233356 46.709429464725936
-64.395381565832 49.78742688668028
-66.45652551643063 48.17806790141786
-68.51766946702928 50.90997767206838
-70.57881341762791 55.92639951542251
-72.63995736822656 57.16960879414896
-74.7011013188252 58.8458996844897
-76.76224526942384 60.922237286590025
-78.82338922002248 58.88331051724368
-80.88453317062111 56.806851585437684
-82.94567712121976 50.487066689702836
-85.0068210718184 48.30389414841263
-87.06796502241706 47.22083661822207
-89.12910897301569 44.37704593670523
-91.19025292361434 41.271043590537055
-93.25139687421297 40.01634021243282
-95.3125408248116 36.73994723925193
-97.37368477541025 36.12367868916629
-99.43482872600889 33.38260755577062
-101.49597267660754 30.652353709266634
-103.55711662720617 27.802416768974027
-105.61826057780482 27.31810404607495
-107.67940452840345 25.784172949203523
-109.74054847900209 24.08880095952566
-111.80169242960073 23.38956083371823
-113.86283638019937 22.781482501488412
-115.92398033079802 21.92309389961758
-117.98512428139665 20.93392994040393
-120.0462682319953 19.058431095898914
-122.10741218259393 16.984862786322676
-124.16855613319257 17.32790260048295
-126.22970008379123 19.98035311499527
-128.29084403438986 15.835982544660862
-130.3519879849885 17.776421360457
-132.41313193558716 19.031015888489893
-134.47427588618578 19.35658198651847
-136.53541983678443 16.692088794530235
-138.59656378738305 17.431833697401945
-140.6577077379817 20.386850958936222
-142.71885168858034 15.98091555020346
-144.779995639179 15.561780027116844
-146.84113958977764 17.322827359276836
-148.90228354037626 16.39010454639186
-150.9634274909749 15.394606356166962
-153.02457144157356 17.47632275454336
-155.0857153921722 16.805049158795004
-157.14685934277082 14.367597253333168
-159.20800329336947 19.602395869878986
-161.26914724396812 17.006074709709058
-163.33029119456677 16.169121618069486
-165.3914351451654 18.362374153968045
-167.45257909576404 18.098957013327624
-169.51372304636266 18.660989359788207
-171.57486699696133 16.158792276255586
-173.63601094755995 19.05628272125717
-175.6971548981586 16.03987798417678
-177.75829884875722 18.93690745481077
-179.81944279935587 17.511993874044965
-181.88058674995452 17.148172092343035
-183.94173070055317 18.0458342539506
-186.0028746511518 17.747028905583928
-188.06401860175043 17.439394213072973
-190.1251625523491 19.00948965601242
-192.18630650294773 19.49291004232588
-194.24745045354638 17.913065829383967
-196.308594404145 18.983025940440015
-198.36973835474365 16.896059456586354
-200.43088230534227 18.290319481981097
-202.4920262559409 18.126719440704672
-204.55317020653953 15.214975587868311
-206.61431415713818 16.931619673517883
-208.67545810773683 19.414103515765134
-210.73660205833548 17.064213945893346
-212.7977460089341 17.104310500321628
-214.85888995953275 18.16282145355016
-216.9200339101314 17.468986312345116
-218.98117786073004 17.642798787491444
-221.04232181132866 18.828665529981397
-223.1034657619273 16.37657502050035
-225.16460971252596 19.64488519735112
-227.2257536631246 19.29511396194037
-229.28689761372326 19.785763915274842
-231.34804156432187 19.23261740407604
-233.40918551492052 19.606114112676646
-235.47032946551914 19.39115413679245
-237.53147341611782 18.481806233957844
-239.59261736671644 18.803096584145816
-241.6537613173151 18.978412461500508
-243.7149052679137 18.570975603100052
-245.77604921851236 17.151529576091043
-247.837193169111 15.122037607390828
-249.89833711970965 18.807078237655215
-251.95948107030827 17.75968960714569
-254.02062502090692 17.965873378173523
-256.0817689715056 16.021759899486508
-258.1429129221042 15.829101829885877
-260.20405687270284 17.712520841064308
