# BEGINHEADER
# This file contains data from the SALSA 2m radio telescope.
# DATE=2024-12-12T19:23:0021
# GLON and GLAT given in degrees
# GLON=72.40795895110331
# GLAT=0.14310753104393045
# DATA in two columns below. Col. 1 is velocity relative to LSR [km/s]. Col. 2 is uncalibrated antenna temperature [K].
# ENDHEADER
267.3160499859628 8.421582984078379
265.2549060353642 18.14903743422951
263.1937620847655 14.304396506151594
261.1326181341669 15.104680932336196
259.0714741835682 13.726029039585452
257.0103302329696 15.219290945125161
254.94918628237093 16.04644088548576
252.8880423317723 15.586794607649903
250.82689838117366 14.751554138111114
248.76575443057504 15.891708134991934
246.7046104799764 16.485512290324376
244.64346652937775 12.825873424834953
242.5823225787791 13.714353900410543
240.52117862818048 15.226192981376599
238.46003467758183 14.228404231759955
236.39889072698318 12.084316836910615
234.33774677638453 13.475343489017323
232.27660282578591 12.062295459406997
230.21545887518727 14.455706099298625
228.15431492458865 15.796605505027447
226.09317097398997 14.619910966568009
224.03202702339135 13.200276881595677
221.9708830727927 14.006745054638468
219.90973912219405 13.495430965030497
217.84859517159543 14.805048601561577
215.78745122099676 13.699332716559114
213.72630727039814 16.567816002234746
211.6651633197995 13.667283805162903
209.60401936920087 12.622387946231045
207.5428754186022 11.015931941310473
205.48173146800357 13.772224199258996
203.42058751740493 13.859430535877843
201.3594435668063 14.528084232604554
199.29829961620766 14.587050147628261
197.237155665609 14.509127581276683
195.17601171501033 15.497081347131425
193.1148677644117 14.188187764734003
191.05372381381306 11.009573533130116
188.99257986321444 13.185778235936525
186.9314359126158 16.139899728424094
184.87029196201715 15.121033929963282
182.8091480114185 11.91783883569927
180.74800406081985 15.273300223391985
178.68686011022123 13.988136722614597
176.62571615962258 15.061213906326623
174.56457220902394 15.99296514299167
172.5034282584253 14.07114099953705
170.44228430782667 13.787758841133181
168.38114035722802 12.661731137701823
166.31999640662937 11.516447737631779
164.25885245603072 13.180996707702263
162.1977085054321 16.399510623505265
160.13656455483346 14.914822977643423
158.07542060423484 15.185996439078503
156.01427665363616 14.510978988901238
153.95313270303754 14.291310716009333
151.8919887524389 12.868746441960116
149.83084480184027 14.425103809161165
147.76970085124162 12.165130648212928
145.70855690064295 12.207279604105134
143.64741295004433 15.503840120050688
141.58626899944568 13.915444023056425
139.52512504884706 13.394148315678898
137.4639810982484 13.406602107071594
135.40283714764976 13.081067704186118
133.34169319705111 15.122144123745652
131.2805492464525 15.161360418283815
129.21940529585385 15.662878470791592
127.15826134525521 12.024238531922641
125.09711739465655 14.775298843686278
123.03597344405792 12.952820579794373
120.97482949345928 12.184272703462337
118.91368554286063 15.222975470694132
116.852541592262 13.989675807669185
114.79139764166335 15.46967005872631
112.73025369106472 13.557690876739182
110.66910974046607 12.711958972753669
108.60796578986744 12.820516117289037
106.5468218392688 14.656019195966685
104.48567788867015 16.815312772067955
102.42453393807152 13.582786754324658
100.36338998747287 14.681594531450116
98.30224603687425 14.008566013624135
96.2411020862756 13.41155617650455
94.17995813567697 13.763982450137105
92.11881418507832 13.518675293010507
90.05767023447969 14.04345445375611
87.99652628388105 14.607880377977105
85.93538233328239 14.483824221578004
83.87423838268376 13.337096780630096
81.81309443208511 12.336870030334511
79.75195048148647 13.4905478458311
77.69080653088783 12.414757169679664
75.62966258028919 13.26283657875873
73.56851862969056 14.245573507272965
71.50737467909191 13.466442153203154
69.44623072849328 10.895666007729831
67.38508677789463 13.809626773373003
65.323942827296 12.752728782312658
63.26279887669735 14.183554240124188
61.20165492609871 16.655376734424774
59.14051097550007 14.345026002350375
57.07936702490142 14.095891229298768
55.01822307430279 13.789200961452812
52.95707912370415 11.375395599141799
50.89593517310551 14.97694355917663
48.83479122250686 14.529989741283408
46.77364727190822 15.62904866464238
44.71250332130958 14.237187736305119
42.65135937071094 13.850645695565733
40.5902154201123 16.728043871199386
38.52907146951366 15.01651779202351
36.46792751891501 14.969161629405036
34.40678356831637 17.439463940988432
32.34563961771774 18.30536348747429
30.284495667119092 15.687558707997043
28.22335171652045 21.03098733719291
26.162207765921814 27.37247822344792
24.101063815323176 29.2891189813146
22.03991986472453 37.137041981046885
19.97877591412589 48.74312340043768
17.917631963527253 58.4446127452157
15.85648801292861 72.88040404993288
13.795344062329969 95.23475304980093
11.73420011173133 105.09657946497954
9.673056161132688 123.86622382291358
7.611912210534046 134.83507307063147
5.550768259935406 134.866235237036
3.4896243093367647 126.44018298896029
1.4284803587381243 133.09937017520562
-0.6326635918605163 126.1884796075635
-2.693807542459157 115.43078588475322
-4.754951493057798 101.0779391854963
-6.8160954436564385 88.20908712470772
-8.87723939425508 77.84573762652742
-10.938383344853719 64.55777181621286
-12.999527295452362 59.3636953577789
-15.060671246051001 55.97896594278472
-17.121815196649642 54.052312485462245
-19.182959147248283 54.954502775065535
-21.244103097846924 54.6862706691375
-23.305247048445562 47.456204897319665
-25.36639099904421 50.82819699797254
-27.42753494964285 50.41252699277664
-29.48867890024149 47.41876785094121
-31.54982285084013 43.464453913284515
-33.61096680143877 40.425002017214474
-35.67211075203741 37.59262493405919
-37.73325470263605 35.406768196320705
-39.794398653234694 35.23294537902099
-41.855542603833335 31.27597991823582
-43.916686554431976 33.61632831496547
-45.97783050503062 29.23836222498662
-48.03897445562926 32.39549254783192
-50.10011840622789 35.87429040138271
-52.16126235682653 36.3774760553003
-54.222406307425175 40.98265234902845
-56.28355025802381 42.74678288810289
-58.34469420862245 47.31968784303171
-60.4058381592211 46.89724885076429
-62.46698210981974 49.05919682521578
-64.52812606041837 52.92715978004293
-66.589270011017 54.28240530762864
-68.65041396161567 54.40198117459148
-70.7115579122143 54.81562774597927
-72.77270186281295 59.650708977447536
-74.83384581341159 57.19986272176143
-76.89498976401022 54.86118160460633
-78.95613371460887 50.82563182172886
-81.0172776652075 45.7111357724883
-83.07842161580615 39.20926612941443
-85.13956556640478 35.255323616921096
-87.20070951700343 29.229317669228603
-89.26185346760207 29.312490540915835
-91.3229974182007 25.28634043024872
-93.38414136879935 25.160199344575435
-95.44528531939798 23.988732432056892
-97.50642926999663 18.244144875942624
-99.56757322059528 20.177009949635043
-101.62871717119391 18.28873003178904
-103.68986112179256 17.969688987013182
-105.7510050723912 18.468803550361656
-107.81214902298986 17.88090826668662
-109.87329297358849 19.329093957772958
-111.93443692418712 19.99973018782849
-113.99558087478577 19.813367266970474
-116.0567248253844 18.009243757752074
-118.11786877598306 19.998579110358044
-120.17901272658169 20.925058706261655
-122.24015667718034 17.996957221546015
-124.30130062777897 18.300004081801248
-126.3624445783776 16.422579154582316
-128.42358852897627 17.901066055025463
-130.4847324795749 16.12768946070464
-132.54587643017354 16.70603207439312
-134.60702038077218 17.53173060288247
-136.66816433137083 17.38869109718502
-138.72930828196945 15.194307854854507
-140.7904522325681 17.436810563435184
-142.85159618316672 18.277386551349345
-144.9127401337654 17.14491207748929
-146.97388408436402 18.735254717584176
-149.03502803496266 16.76317131063061
-151.09617198556128 17.651661105335922
-153.15731593615993 17.917054394350856
-155.21845988675858 18.086728577264747
-157.27960383735723 16.8312691509133
-159.34074778795585 17.12533405383808
-161.4018917385545 15.746106748788616
-163.46303568915314 17.546143633488434
-165.5241796397518 17.801388704037038
-167.58532359035044 19.30307720486566
-169.64646754094906 16.39034749367292
-171.7076114915477 18.002209469823903
-173.76875544214636 18.063999243263062
-175.829899392745 18.9997904949772
-177.89104334334363 18.328749610003435
-179.95218729394227 18.68365555917516
-182.0133312445409 17.39115293277163
-184.07447519513957 19.197194246365097
-186.1356191457382 16.77577494171792
-188.19676309633684 18.252989224541952
-190.25790704693546 18.892638925443794
-192.31905099753413 17.71762191914769
-194.38019494813275 17.282225739459893
-196.4413388987314 19.679485543951998
-198.50248284933 17.743758880339783
-200.56362679992867 17.04854251680822
-202.6247707505273 17.526211681208164
-204.68591470112594 16.858426021296
-206.7470586517246 18.194505369207743
-208.8082026023232 17.528581939720073
-210.86934655292188 17.987290799400316
-212.9304905035205 19.5561616331992
-214.99163445411915 18.88352858217529
-217.05277840471777 16.985863069452865
-219.11392235531645 18.612601360655272
-221.17506630591507 17.95490408930416
-223.23621025651371 19.252238349888938
-225.29735420711233 17.42693336611919
-227.35849815771098 19.086099015840556
-229.41964210830963 18.30246010163023
-231.48078605890828 19.25162738229738
-233.5419300095069 16.3656242341685
-235.60307396010555 20.407929061291647
-237.66421791070417 18.69239424486507
-239.72536186130284 17.257781451764952
-241.78650581190146 19.08831310315585
-243.8476497625001 16.03174721648096
-245.90879371309876 18.740898379121848
-247.9699376636974 16.911282544263443
-250.03108161429606 19.7334927496647
-252.09222556489468 18.43062924256613
-254.15336951549332 18.086811908822007
-256.21451346609194 17.497740122009006
-258.2756574166906 18.67805144792098
