# BEGINHEADER
# This file contains data from the SALSA 2m radio telescope.
# DATE=2024-12-12T19:29:0058
# GLON and GLAT given in degrees
# GLON=82.33073226822555
# GLAT=0.09027436539617359
# DATA in two columns below. Col. 1 is velocity relative to LSR [km/s]. Col. 2 is uncalibrated antenna temperature [K].
# ENDHEADER
266.06817658934375 8.553819596999379
264.00703263874516 15.332719465014147
261.9458886881465 14.62876449459747
259.88474473754786 15.942305301828455
257.8236007869492 15.847106098272
255.76245683635057 14.418252054112898
253.70131288575192 14.729055538356997
251.6401689351533 13.496785780115143
249.57902498455465 11.003014339961515
247.517881033956 14.923699210710911
245.45673708335735 14.259133657285624
243.39559313275873 13.29827128592226
241.33444918216009 14.911975290577137
239.27330523156147 13.002822790404885
237.2121612809628 14.686294127495833
235.15101733036414 14.366874961575249
233.08987337976552 14.253026666652985
231.02872942916687 13.839083575360956
228.96758547856822 13.0125671005324
226.90644152796958 15.34187621894087
224.84529757737096 11.595707200840593
222.7841536267723 13.213555314059242
220.7230096761737 11.612343590222334
218.661865725575 14.662320455438149
216.6007217749764 14.521851267515691
214.53957782437774 12.138304355951867
212.47843387377912 13.729946339699364
210.41728992318048 13.471496256526823
208.35614597258183 12.625870316536773
206.29500202198318 14.464688610838003
204.23385807138456 13.118573224459743
202.1727141207859 13.347653525568154
200.11157017018726 14.275661489135082
198.05042621958864 13.260970637271505
195.98928226899 15.96900086701914
193.92813831839138 15.282433404305394
191.8669943677927 14.5886180918561
189.80585041719408 13.38005882681329
187.74470646659543 15.16597882884397
185.6835625159968 14.015857398732537
183.62241856539816 12.12447453598803
181.56127461479952 15.531772079934012
179.50013066420087 14.284617178284867
177.43898671360225 12.811946088539061
175.3778427630036 13.171512635496924
173.31669881240495 13.337775124355433
171.2555548618063 11.904714212250788
169.19441091120768 13.977483190782573
167.13326696060903 12.466699166086242
165.07212301001042 13.58422437893749
163.01097905941174 12.662890334278162
160.94983510881312 13.41379843704571
158.88869115821447 14.518036138948517
156.82754720761582 14.695548527220962
154.7664032570172 16.004694762863537
152.70525930641853 15.448305649351537
150.6441153558199 14.535903739988347
148.58297140522126 14.162487692881173
146.52182745462264 12.619875531565913
144.46068350402396 12.905366463386432
142.39953955342534 13.035213138038898
140.3383956028267 11.811432019470832
138.27725165222807 12.324009018616911
136.21610770162943 12.714677139072283
134.15496375103078 13.061563518235118
132.09381980043213 12.284536692625307
130.0326758498335 11.014658599126982
127.97153189923486 12.431035372550102
125.91038794863621 11.803046299694403
123.84924399803758 15.086304389488461
121.78810004743893 14.430097481745234
119.7269560968403 14.594207236104106
117.66581214624165 14.599745850951427
115.60466819564301 14.101304970458228
113.54352424504438 12.045606851862955
111.48238029444573 12.848980174611052
109.4212363438471 11.330779251924389
107.36009239324845 14.000238740344605
105.29894844264982 13.813557075980528
103.23780449205117 12.068944127030356
101.17666054145253 12.235807167914237
99.11551659085389 13.022598439717308
97.05437264025522 12.410579334735745
94.99322868965659 13.432813683258765
92.93208473905796 13.172029932374182
90.87094078845931 12.12029921483893
88.80979683786067 13.522880546495132
86.74865288726203 14.660180362390124
84.68750893666339 15.265333079627446
82.62636498606474 12.927788725133356
80.56522103546611 13.968963842744687
78.50407708486748 14.514678753306619
76.44293313426883 12.424215968046015
74.3817891836702 15.776072270998483
72.32064523307155 12.977058644886915
70.25950128247291 16.185001389737504
68.19835733187426 15.180016987532067
66.13721338127563 15.29421468237091
64.07606943067698 15.830362698704317
62.01492548007834 17.071672142692908
59.953781529479706 16.867215765967426
57.892637578881065 15.32036458115964
55.83149362828242 13.049022846823243
53.77034967768378 14.228389541509902
51.709205727085134 16.0265912705352
49.64806177648649 15.574155711945503
47.58691782588785 13.521471860721077
45.52577387528922 15.606324786766987
43.46462992469058 13.245204821427008
41.403485974091936 12.211916945074645
39.342342023493295 13.515814101791163
37.281198072894654 15.291538225478485
35.22005412229601 18.692703923169102
33.15891017169737 16.72251983295177
31.09776622109873 17.978817511838976
29.036622270500093 20.299209525222313
26.97547831990145 21.812679999013817
24.914334369302807 24.787417039952455
22.853190418704166 27.789192473904414
20.79204646810553 35.228700972807864
18.730902517506888 42.06158454731069
16.669758566908243 49.857542721621364
14.608614616309604 69.2178421614498
12.547470665710964 85.75455633884843
10.486326715112323 103.59331880727316
8.425182764513684 114.64110890258807
6.364038813915043 113.30464419455001
4.302894863316401 110.19081319924402
2.2417509127177606 99.81281186567271
0.1806069621191198 108.05220979943778
-1.880536988479521 109.16024211777021
-3.9416809390781617 103.58420853164071
-6.002824889676803 102.83830523498776
-8.063968840275443 103.12933312949012
-10.125112790874084 94.81691304483815
-12.186256741472723 91.24465143780903
-14.247400692071366 79.47595238728044
-16.308544642670007 65.3697846003377
-18.36968859326865 58.863183141770676
-20.430832543867286 51.055943205563395
-22.49197649446593 47.486462619902085
-24.55312044506457 43.36714939434584
-26.61426439566321 40.47969587558408
-28.67540834626185 40.86302504236125
-30.736552296860495 38.75978964928614
-32.797696247459136 47.62954532240134
-34.85884019805778 54.4784541259074
-36.91998414865641 55.83041246190686
-38.98112809925505 66.54026705234874
-41.04227204985369 65.81528288347259
-43.103416000452334 67.09022148928196
-45.16455995105098 64.36627316503858
-47.225703901649624 59.165968332258515
-49.286847852248265 55.31107367029589
-51.3479918028469 50.745365900756376
-53.40913575344554 45.06184441250918
-55.47027970404418 38.78097043583758
-57.53142365464282 37.46319070577783
-59.59256760524146 38.435274956716974
-61.653711555840104 38.709374403010074
-63.714855506438745 38.82151254296513
-65.77599945703739 47.68897993003487
-67.83714340763603 53.04695524237746
-69.89828735823467 55.66185605553469
-71.9594313088333 58.096097412505536
-74.02057525943195 58.862704502154024
-76.08171921003058 57.73571619436941
-78.14286316062923 55.700542105021974
-80.20400711122787 51.458294435841886
-82.26515106182651 48.61332313489202
-84.32629501242515 47.317800051310265
-86.38743896302378 44.626350815804905
-88.44858291362243 41.808222247189526
-90.50972686422107 37.341919585229235
-92.57087081481971 36.09033564473643
-94.63201476541836 33.379630139914816
-96.69315871601701 28.001532179120908
-98.75430266661564 25.939053755936445
-100.81544661721428 26.2338839547051
-102.87659056781291 23.629229992033483
-104.93773451841156 21.022814713319978
-106.9988784690102 20.189860745822617
-109.06002241960883 20.57939779017238
-111.12116637020748 20.5748169090271
-113.18231032080611 19.5770881515958
-115.24345427140476 18.91275018629254
-117.30459822200339 19.102391657107383
-119.36574217260203 18.21255949032673
-121.42688612320067 17.02153420725167
-123.48803007379931 16.054228244517912
-125.54917402439796 14.941561338829326
-127.61031797499659 16.81690388060608
-129.67146192559525 17.314357622849357
-131.73260587619387 16.300613766910057
-133.79374982679252 18.315010863874974
-135.85489377739114 16.945573345281506
-137.91603772798982 16.88569523816714
-139.97718167858844 16.572361523488805
-142.03832562918709 17.8278663580945
-144.0994695797857 18.834113539049433
-146.16061353038438 13.936200933302773
-148.221757480983 17.44929871173172
-150.28290143158165 14.498665164737481
-152.3440453821803 15.599341139691427
-154.40518933277892 16.69615279004539
-156.4663332833776 15.193804670145186
-158.5274772339762 18.672488231620626
-160.58862118457486 17.695805764618065
-162.64976513517348 18.37114864160402
-164.71090908577213 20.607427940754356
-166.77205303637078 18.43624542186689
-168.83319698696943 19.2724751672795
-170.89434093756805 18.22540494091428
-172.9554848881667 17.74822427940558
-175.0166288387653 15.298035283917098
-177.077772789364 13.7090300336873
-179.1389167399626 16.448632039620016
-181.20006069056126 19.388324116789644
-183.26120464115988 17.80902109446043
-185.32234859175855 16.88708130127092
-187.38349254235717 18.677182176440255
-189.44463649295582 17.84596031664663
-191.50578044355447 19.034987276433004
-193.5669243941531 18.905132770208603
-195.62806834475177 17.89693534799195
-197.6892122953504 17.081523107107497
-199.75035624594906 19.1077197694876
-201.81150019654768 20.193804255694836
-203.87264414714633 18.625214865906003
-205.93378809774495 18.47580321072114
-207.99493204834363 18.19915311371674
-210.05607599894225 17.317501220224248
-212.1172199495409 18.583395735853912
-214.17836390013952 19.221982893270983
-216.2395078507382 19.566269819731325
-218.3006518013368 16.07994012115517
-220.36179575193546 18.255163689673395
-222.42293970253408 16.164915978695443
-224.48408365313273 20.453823359082957
-226.54522760373138 19.196001002137436
-228.60637155433002 17.002485175749488
-230.66751550492867 18.00505945104201
-232.7286594555273 16.653479872661602
-234.78980340612594 18.460157705372026
-236.8509473567246 19.082143093621944
-238.91209130732324 20.707428842022956
-240.97323525792186 18.186626980217312
-243.0343792085205 19.336643128148417
-245.09552315911913 17.39928629503227
-247.1566671097178 20.277583082631768
-249.21781106031642 19.483513535795016
-251.27895501091507 19.780920318583604
-253.3400989615137 18.57306849912708
-255.40124291211237 18.186083637500523
-257.462386862711 18.066768502901404
-259.5235308133096 18.552744573335314
