# BEGINHEADER
# This file contains data from the SALSA 2m radio telescope.
# DATE=2024-12-12T19:16:0032
# GLON and GLAT given in degrees
# GLON=59.145736639221816
# GLAT=0.2491503242957894
# DATA in two columns below. Col. 1 is velocity relative to LSR [km/s]. Col. 2 is uncalibrated antenna temperature [K].
# ENDHEADER
268.89539687809196 9.670077716829168
266.83425292749337 19.87511991284551
264.7731089768947 16.191565650463552
262.711965026296 16.377731709143873
260.6508210756974 17.024564881978907
258.5896771250988 16.173962842378078
256.5285331745001 16.593894308888814
254.4673892239015 15.543052917756363
252.40624527330286 12.536265988064802
250.34510132270424 15.503812746803701
248.28395737210556 15.085082785799122
246.22281342150694 15.110591628781565
244.1616694709083 14.562327888521772
242.10052552030967 15.831320547215855
240.03938156971103 12.309526662429212
237.97823761911238 16.659426352630486
235.91709366851373 14.4793849664203
233.8559497179151 13.422540164146803
231.79480576731646 14.556347675320561
229.73366181671784 14.123007481210639
227.67251786611916 14.641151395335168
225.61137391552052 16.47574076099544
223.5502299649219 15.085662711674944
221.48908601432325 14.94144697654963
219.4279420637246 13.515670645678972
217.36679811312595 13.710499418071796
215.30565416252733 14.292221522460363
213.24451021192868 16.5589191890982
211.18336626133006 15.737080161682055
209.1222223107314 14.798576528417875
207.06107836013277 16.131374579024424
204.99993440953412 15.77842942553743
202.9387904589355 14.879408124069322
200.87764650833685 14.264069476498205
198.8165025577382 13.001077697233548
196.75535860713956 14.44992336628555
194.69421465654094 13.702141984760482
192.6330707059423 13.705503013770413
190.57192675534364 13.721413462179491
188.510782804745 13.08146711448719
186.44963885414634 15.013450663809369
184.38849490354772 15.26809679188794
182.32735095294908 14.140275406514116
180.26620700235043 14.38470896016848
178.20506305175178 14.267258269197075
176.14391910115316 14.277548942339424
174.0827751505545 12.801045301686443
172.0216311999559 15.22865676177582
169.96048724935721 16.157917020985582
167.8993432987586 17.174002037885998
165.83819934815995 14.726771838714093
163.77705539756133 14.33081426763907
161.71591144696265 15.383369646535833
159.65476749636403 16.316859203973163
157.59362354576538 14.575381750022018
155.53247959516676 13.682794960123244
153.47133564456811 14.397870506258492
151.41019169396947 13.270423366882293
149.34904774337082 14.740496114772236
147.28790379277217 12.932891691057323
145.22675984217355 14.55203842092627
143.1656158915749 15.55792526973818
141.10447194097625 15.036789955747922
139.0433279903776 14.4336574551221
136.98218403977899 15.106672715053138
134.92104008918034 13.404797774684834
132.85989613858172 14.301326240234042
130.79875218798307 15.392647244756946
128.73760823738442 14.692187617514241
126.67646428678577 13.870965764699319
124.61532033618712 16.427990120557606
122.55417638558849 15.866136775588407
120.49303243498984 14.065969003168235
118.43188848439121 12.610420138688179
116.37074453379257 15.262119732719677
114.30960058319393 13.755744904167784
112.24845663259529 14.204032304340673
110.18731268199664 13.669079047314522
108.12616873139801 13.789754321581103
106.06502478079936 14.211913858987185
104.00388083020073 14.194800455146279
101.9427368796021 13.963977169034072
99.88159292900345 14.172515961252401
97.82044897840481 12.928892431186913
95.75930502780616 14.154749204013754
93.69816107720753 15.135410042198538
91.6370171266089 16.44244440574996
89.57587317601023 13.74202500018297
87.5147292254116 15.651533909117457
85.45358527481295 13.877201577779735
83.39244132421432 16.12973704659255
81.33129737361567 14.137488950445322
79.27015342301704 15.123431144394951
77.2090094724184 14.302595353111137
75.14786552181975 13.750678980603503
73.08672157122112 14.734267581616951
71.02557762062247 15.004289301179828
68.96443367002384 15.004466973312827
66.90328971942519 15.075146107188084
64.84214576882655 16.193902698149515
62.781001818227914 16.844385702013422
60.719857867629266 15.878779869611412
58.658713917030624 15.469528907634125
56.59756996643199 16.896191077474896
54.53642601583335 16.8959280868783
52.47528206523471 18.31551539734903
50.41413811463607 22.771315798215852
48.35299416403742 23.702523216234002
46.291850213438785 26.691922096061223
44.230706262840144 31.02826930866068
42.169562312241496 37.24960574743765
40.108418361642855 43.28792660860812
38.047274411044214 48.172592686950075
35.98613046044557 56.60179395000056
33.92498650984693 62.76613377103448
31.863842559248294 73.42272088797743
29.802698608649653 76.53200020803877
27.74155465805101 85.23162937923557
25.68041070745237 89.01912915439021
23.61926675685373 93.30088608149089
21.558122806255092 91.95929390965607
19.49697885565645 95.1867929305838
17.435834905057806 102.66263272396516
15.374690954459167 104.00001389998107
13.313547003860528 107.2399279564244
11.252403053261887 109.84446377130847
9.191259102663247 108.60134285283068
7.130115152064605 105.47340776659077
5.068971201465964 91.74808497780133
3.007827250867324 86.60087253897592
0.9466833002686831 80.3752284862604
-1.1144606503299577 72.48435248319528
-3.1756046009285988 67.35310674258864
-5.236748551527239 60.16363620153401
-7.29789250212588 53.285951708719274
-9.35903645272452 50.04022966031867
-11.42018040332316 49.9584579767049
-13.481324353921805 46.19866088237331
-15.542468304520444 44.0429321906747
-17.603612255119085 41.17236322833778
-19.664756205717723 36.44062275610967
-21.725900156316367 35.040118154551116
-23.78704410691501 28.712381658337527
-25.848188057513646 27.026196402232344
-27.909332008112287 26.852851425131
-29.97047595871093 25.764597942491402
-32.03161990930957 25.992979445937497
-34.09276385990821 23.580134633972992
-36.15390781050685 25.16739064890534
-38.21505176110549 25.04464980665435
-40.27619571170413 24.25390904139135
-42.337339662302774 25.30701211507353
-44.398483612901416 25.709671587527453
-46.45962756350006 29.29162660775482
-48.5207715140987 31.75598565823903
-50.58191546469733 39.9828709112374
-52.64305941529597 41.32514176435368
-54.704203365894614 46.43491094425103
-56.765347316493255 47.203597686487875
-58.826491267091896 49.51847121019856
-60.88763521769054 54.137258735075605
-62.94877916828918 53.40939906532824
-65.00992311888783 55.493250866578926
-67.07106706948646 54.186689264035714
-69.13221102008511 49.41009886331689
-71.19335497068374 49.654558935608456
-73.25449892128239 45.17444407001946
-75.31564287188102 41.04577049315928
-77.37678682247966 38.228979213287424
-79.4379307730783 30.413956293608024
-81.49907472367694 31.330333889545866
-83.56021867427559 30.764445429284358
-85.62136262487422 26.189883685166404
-87.68250657547287 24.99131484793289
-89.7436505260715 25.47146009484932
-91.80479447667014 21.82887563116578
-93.86593842726879 19.496477172133822
-95.92708237786742 21.508878546723157
-97.98822632846607 17.115042723053783
-100.0493702790647 22.612379016556815
-102.11051422966334 21.853461302989437
-104.171658180262 17.887607616746102
-106.23280213086063 17.842528442982484
-108.29394608145928 16.625192504371963
-110.35509003205792 15.928463396957453
-112.41623398265656 20.13864363395414
-114.4773779332552 18.885235107589946
-116.53852188385383 16.016357291146633
-118.59966583445248 18.077765134496694
-120.66080978505111 17.03738607242416
-122.72195373564976 17.030311547962217
-124.7830976862484 18.023629719467333
-126.84424163684704 17.74458270423329
-128.9053855874457 16.777875056977898
-130.9665295380443 15.921441756838302
-133.02767348864296 17.92149088125921
-135.0888174392416 18.457031565369345
-137.14996138984023 18.150015233988064
-139.2111053404389 16.99453266415458
-141.27224929103753 15.492958596456006
-143.33339324163617 18.44989921045264
-145.3945371922348 18.17637376641382
-147.45568114283344 17.6399778030431
-149.5168250934321 16.596630959142676
-151.57796904403074 19.52018048157711
-153.63911299462936 17.68706584301104
-155.700256945228 15.827259041237744
-157.76140089582663 17.127736106830657
-159.8225448464253 19.577174373592918
-161.88368879702395 17.651448712690986
-163.94483274762257 17.200746103326402
-166.00597669822122 21.176135976493413
-168.06712064881987 19.967311347904367
-170.12826459941851 20.318976784371827
-172.18940855001713 20.499791659889905
-174.25055250061578 17.85597225783956
-176.3116964512144 17.28041992430881
-178.37284040181308 17.304478633983912
-180.4339843524117 18.81454021471312
-182.49512830301035 17.062501768669442
-184.55627225360897 19.274849448872157
-186.61741620420761 21.386310070942322
-188.67856015480626 19.3389584738934
-190.7397041054049 16.064049992464582
-192.80084805600353 18.504652155455133
-194.86199200660218 17.86700398863008
-196.92313595720083 18.51583938588366
-198.98427990779948 19.101740218809148
-201.04542385839812 18.32114092635132
-203.10656780899674 20.917877057930834
-205.1677117595954 20.971003758695677
-207.22885571019404 21.406858000914152
-209.2899996607927 22.27517280878117
-211.3511436113913 19.912992909031065
-213.41228756198996 17.380539417877873
-215.47343151258858 17.50765104876755
-217.53457546318725 17.450724743185333
-219.59571941378587 20.838952003657994
-221.65686336438452 17.76581090155584
-223.71800731498314 19.75240564783022
-225.77915126558182 22.15869574644625
-227.84029521618044 20.71851455580801
-229.90143916677908 21.483750811574218
-231.9625831173777 20.901691310418773
-234.02372706797635 18.67485781752527
-236.084871018575 18.496257015146227
-238.14601496917365 22.990954033595926
-240.2071589197723 18.28192212562692
-242.26830287037092 18.771168259115882
-244.32944682096957 20.09983344842884
-246.3905907715682 19.69499392748673
-248.45173472216686 21.31710090742342
-250.51287867276548 17.291259957872057
-252.57402262336413 16.1386892008747
-254.63516657396275 16.330707949227094
-256.6963105245614 18.656254964207616
