# BEGINHEADER
# This file contains data from the SALSA 2m radio telescope.
# DATE=2024-12-12T19:08:0007
# GLON and GLAT given in degrees
# GLON=44.95302989584593
# GLAT=0.23804452843263196
# DATA in two columns below. Col. 1 is velocity relative to LSR [km/s]. Col. 2 is uncalibrated antenna temperature [K].
# ENDHEADER
270.28993029081863 7.694628048232963
268.22878634022004 17.19580432675242
266.16764238962134 15.075229704620364
264.1064984390227 16.00299155125322
262.04535448842404 16.89241702301113
259.98421053782545 18.40303690627254
257.9230665872268 15.340269095885564
255.86192263662815 17.30418851709017
253.80077868602953 16.287034992184026
251.73963473543085 17.217264946037467
249.67849078483223 17.533495055540463
247.6173468342336 14.28173068047036
245.55620288363497 16.51104145855612
243.4950589330363 15.014002814239506
241.43391498243764 17.17668485050556
239.37277103183902 15.525062540732955
237.31162708124037 17.099314715373126
235.25048313064175 14.342285202188041
233.18933918004308 15.187519365824645
231.12819522944446 15.134792088218626
229.0670512788458 16.21243717567151
227.0059073282472 14.607078415559673
224.94476337764854 13.954632213146125
222.8836194270499 15.66485510150395
220.82247547645125 14.370911410974953
218.76133152585263 15.569150626445124
216.70018757525398 12.655650442168332
214.63904362465536 13.563833811097563
212.57789967405668 13.770295566390107
210.51675572345806 14.952043176274518
208.4556117728594 14.495986944291401
206.3944678222608 16.990664950084074
204.33332387166212 15.575666498119293
202.27217992106347 14.124661486867208
200.21103597046485 14.960562218106526
198.1498920198662 15.679637426306785
196.08874806926758 15.59214263007055
194.0276041186689 16.094359606912754
191.96646016807028 14.9175448270835
189.90531621747164 14.500084280068508
187.84417226687302 13.174000773476548
185.78302831627437 13.827418909219254
183.72188436567572 16.704170925023167
181.66074041507707 16.012654528241466
179.59959646447845 12.147734706075756
177.5384525138798 16.777566945923283
175.47730856328116 16.357095660842365
173.4161646126825 14.389629038785266
171.3550206620839 15.708211168268958
169.29387671148524 16.37730896644147
167.23273276088662 16.73612726094678
165.17158881028794 16.8954691001851
163.1104448596893 15.29363256518576
161.04930090909068 15.609954397080527
158.98815695849203 17.431337040790705
156.9270130078934 16.174113949775276
154.86586905729473 15.899587745617836
152.8047251066961 14.419483708072129
150.74358115609746 11.734371929902343
148.68243720549884 14.722396407075681
146.62129325490017 15.028805195035714
144.56014930430155 16.107566787691066
142.4990053537029 12.6195596562587
140.43786140310428 11.960289972991648
138.37671745250563 14.70338112054764
136.31557350190698 15.324389909517748
134.25442955130833 13.641544499370333
132.19328560070971 13.593748626763189
130.13214165011107 14.198568585051381
128.07099769951242 15.709475120946399
126.00985374891378 14.594595155955757
123.94870979831514 17.74834599087014
121.8875658477165 16.37543115499012
119.82642189711785 14.17406340452945
117.76527794651922 14.111881687935997
115.70413399592059 15.769620962003064
113.64299004532194 17.05114698073041
111.5818460947233 16.13899015461179
109.52070214412466 13.976328696965497
107.45955819352602 13.463636127416992
105.39841424292736 14.207859165860619
103.33727029232872 13.924795288974861
101.27612634173009 12.725439632224612
99.21498239113144 15.268027028070716
97.15383844053282 16.53146950297405
95.09269448993417 15.876094636359028
93.03155053933554 14.825279850964908
90.97040658873689 18.262914752991914
88.90926263813826 19.052539902778804
86.84811868753961 17.886786268242403
84.78697473694098 17.744164740683317
82.72583078634234 15.778839810081662
80.6646868357437 21.511071246665267
78.60354288514506 22.134501491404354
76.54239893454641 26.022482437476185
74.48125498394778 32.78774875814206
72.42011103334913 34.92462386550053
70.3589670827505 47.457562267067125
68.29782313215186 54.83972842402077
66.2366791815532 62.6738507441807
64.17553523095457 65.15985323798638
62.11439128035593 73.47477738219405
60.05324732975729 80.31663956989688
57.99210337915865 77.90073981522866
55.93095942856 79.48347701444834
53.86981547796136 79.77432453582486
51.80867152736272 80.76828380553887
49.747527576764085 76.7505480065408
47.68638362616544 74.12205131565518
45.625239675566796 72.94152455118049
43.564095724968155 70.82181541303507
41.502951774369514 65.15595274915407
39.44180782377087 65.1615839514495
37.38066387317223 63.100036415277316
35.31951992257359 63.12394688176493
33.25837597197495 63.35467415905661
31.19723202137631 64.34985487687378
29.136088070777667 70.97453515976925
27.07494412017903 72.74651683523989
25.01380016958039 77.44733584840574
22.952656218981744 78.85441856493618
20.891512268383106 77.90173923458416
18.830368317784465 74.2603371553724
16.769224367185824 67.96516746622437
14.708080416587183 66.96622225608319
12.646936465988544 71.21715406259169
10.585792515389901 76.96743533387728
8.524648564791262 82.158344519201
6.463504614192621 73.82865571650132
4.40236066359398 73.22110588787606
2.341216712995339 66.61789525244816
0.28007276239669837 52.72744378895381
-1.7810711882019425 43.84788314853977
-3.8422151388005834 35.39491777576279
-5.903359089399224 31.076257404925634
-7.964503039997865 25.96546557872693
-10.025646990596506 27.486942958891575
-12.086790941195146 23.402848731956748
-14.147934891793788 24.40976883149754
-16.20907884239243 27.977613723403067
-18.27022279299107 24.29642797955816
-20.331366743589708 27.434346203645035
-22.39251069418835 26.457065028460487
-24.45365464478699 26.116811085864114
-26.51479859538563 27.092493454448633
-28.575942545984272 28.624295641871214
-30.637086496582913 29.901106932020696
-32.69823044718156 32.69635972010553
-34.75937439778019 33.00367744775498
-36.82051834837883 35.31102252417018
-38.881662298977474 41.984806302198265
-40.94280624957612 38.20703779903215
-43.00395020017476 38.48136551295271
-45.0650941507734 38.803131982372925
-47.12623810137204 41.644624440440865
-49.18738205197068 42.23626445712933
-51.248526002569314 40.810159368777384
-53.309669953167955 40.22922446199097
-55.370813903766596 39.3127005301303
-57.43195785436524 39.94172639066826
-59.493101804963885 36.817040415304966
-61.55424575556252 39.29299340678494
-63.61538970616116 34.23956793511037
-65.6765336567598 28.786925776696084
-67.73767760735844 28.657271206006822
-69.79882155795708 26.790333851827302
-71.85996550855572 26.330798561423542
-73.92110945915437 23.29870528850437
-75.982253409753 22.972758851266523
-78.04339736035165 20.773674982442103
-80.10454131095028 18.38107162224674
-82.16568526154892 18.42334276794117
-84.22682921214756 19.402430606266318
-86.2879731627462 18.037282629047155
-88.34911711334486 16.12083857061066
-90.4102610639435 13.582986843688882
-92.47140501454214 15.400439732593712
-94.53254896514078 14.548257296354265
-96.59369291573941 15.94466707138934
-98.65483686633806 17.623848538706593
-100.7159808169367 15.563061300918267
-102.77712476753534 16.044131094709208
-104.83826871813399 16.681789731021254
-106.89941266873262 14.6320965215697
-108.96055661933127 18.610565831810025
-111.0217005699299 17.99531112411812
-113.08284452052855 14.590890188587485
-115.14398847112719 15.462997316832665
-117.20513242172582 17.422510362770776
-119.26627637232447 13.820794840171729
-121.3274203229231 16.118725390385432
-123.38856427352175 16.354611934864856
-125.44970822412039 16.07301655445172
-127.51085217471905 18.5146911153365
-129.57199612531767 16.228508545863143
-131.63314007591632 16.574329409498148
-133.69428402651494 15.606183535133127
-135.7554279771136 17.150155372818755
-137.81657192771223 16.801927501200314
-139.87771587831088 16.13294546021532
-141.9388598289095 17.01990258933341
-144.00000377950815 16.124818959493837
-146.06114773010682 18.388123054651235
-148.12229168070544 15.564428924569
-150.1834356313041 16.333423967536227
-152.2445795819027 17.46871146999417
-154.3057235325014 18.304888404886523
-156.3668674831 18.349585385001102
-158.42801143369866 17.584904921966164
-160.48915538429728 19.10549696922295
-162.55029933489593 17.852463609135462
-164.61144328549457 18.464734449895644
-166.67258723609322 18.78387714691281
-168.73373118669184 18.69947485497634
-170.7948751372905 17.167262881099827
-172.8560190878891 19.250041785913012
-174.9171630384878 20.7367819425779
-176.9783069890864 18.37637790463203
-179.03945093968505 19.756331764346562
-181.10059489028367 17.690010055235994
-183.16173884088235 18.9001284131174
-185.222882791481 20.62451834764206
-187.28402674207962 15.963580689218048
-189.34517069267827 18.091372001425164
-191.4063146432769 20.24126156480143
-193.46745859387556 17.894474519926103
-195.52860254447418 18.648108465629715
-197.58974649507283 18.645297740708656
-199.65089044567145 18.480583476711367
-201.7120343962701 18.69760250886102
-203.77317834686875 19.271590039409844
-205.8343222974674 19.567184991818568
-207.89546624806601 19.510631406614603
-209.95661019866466 17.277488092388975
-212.0177541492633 17.36969632990148
-214.07889809986196 18.11825785505122
-216.14004205046058 19.725525665161943
-218.20118600105923 17.873357457942355
-220.26232995165785 19.03509905545676
-222.32347390225652 19.68326607737841
-224.38461785285517 18.72934966817679
-226.4457618034538 19.86866564920426
-228.50690575405244 20.319961840889402
-230.56804970465106 18.883174738611
-232.62919365524974 21.273846001785163
-234.69033760584836 20.992624925222263
-236.751481556447 19.740709005276035
-238.81262550704562 19.312519082484712
-240.87376945764427 20.040852932751555
-242.93491340824292 20.308219442218785
-244.99605735884157 17.678125498372694
-247.0572013094402 18.402299997553275
-249.11834526003884 21.21994736020908
-251.17948921063748 19.964360597221056
-253.24063316123613 18.51115063413879
-255.30177711183475 20.556337810246326
