# BEGINHEADER
# This file contains data from the SALSA 2m radio telescope.
# DATE=2024-12-12T19:13:0041
# GLON and GLAT given in degrees
# GLON=54.93873860214992
# GLAT=0.17963764901500331
# DATA in two columns below. Col. 1 is velocity relative to LSR [km/s]. Col. 2 is uncalibrated antenna temperature [K].
# ENDHEADER
269.29766431529197 9.084478223820577
267.2365203646933 21.568968958578512
265.1753764140947 16.022995354919107
263.114232463496 16.278760909502136
261.05308851289743 13.514078636398567
258.9919445622988 15.81248057007467
256.93080061170014 13.265003468092363
254.8696566611015 16.671555421426582
252.80851271050284 13.955557838371195
250.74736875990422 15.861077786707234
248.68622480930557 18.95171040127883
246.62508085870692 14.1142967346533
244.56393690810827 15.171511791584157
242.50279295750963 15.6236574824127
240.441649006911 16.668706419499355
238.38050505631233 12.404029392462451
236.3193611057137 14.804178137656306
234.25821715511506 14.936154645701983
232.19707320451644 14.642301337617079
230.1359292539178 16.279524845065108
228.07478530331915 14.819093398866986
226.0136413527205 15.528336213217326
223.95249740212188 16.371897108276176
221.89135345152323 17.542474435525257
219.8302095009246 17.6370348619568
217.76906555032593 14.947004319456363
215.7079215997273 15.450353072910515
213.64677764912867 13.726824300778473
211.58563369853005 14.011669054177682
209.52448974793137 16.789783966249917
207.46334579733275 12.98494470259241
205.4022018467341 14.164939736670501
203.34105789613545 13.6656333097858
201.27991394553683 13.852841506019189
199.21876999493816 15.211592923761216
197.15762604433954 14.644390279956783
195.0964820937409 14.014345779692334
193.03533814314227 16.692416202315094
190.97419419254362 15.237009249124583
188.91305024194497 12.669730288655554
186.85190629134632 15.416220992759587
184.7907623407477 15.872967418000956
182.72961839014906 15.47022609617884
180.6684744395504 14.006193474184963
178.60733048895176 15.823577604955785
176.54618653835314 15.301487684597666
174.4850425877545 13.359328902918842
172.42389863715587 16.014161838438536
170.3627546865572 16.237471263385714
168.30161073595858 15.237572778310533
166.24046678535993 16.26116721537898
164.17932283476128 14.625127547807383
162.11817888416266 17.41823546174289
160.05703493356398 17.615947655269302
157.99589098296536 15.265996963089238
155.93474703236672 14.279648390987994
153.8736030817681 14.75379071723615
151.81245913116945 15.599565347323297
149.7513151805708 12.910916447692825
147.69017122997215 14.295986088062673
145.62902727937353 13.342427945979976
143.56788332877488 14.378638334394585
141.50673937817623 13.779522206593475
139.4455954275776 13.361550019020227
137.38445147697897 14.534153844788486
135.32330752638032 15.43428063162125
133.2621635757817 15.85529812227876
131.20101962518302 13.65352395557008
129.1398756745844 14.27528239295326
127.07873172398575 12.70579432220597
125.0175877733871 15.435095804448082
122.95644382278847 13.47921884224783
120.89529987218984 16.00833306208328
118.83415592159119 17.58872257176547
116.77301197099256 13.913691872665892
114.71186802039391 16.605325977308308
112.65072406979527 14.796843512739292
110.58958011919664 13.730833521048025
108.52843616859798 16.962207913922875
106.46729221799934 16.53977614627817
104.4061482674007 15.76236561537971
102.34500431680206 12.171415087041757
100.28386036620341 14.699708365943382
98.22271641560478 13.34168235746969
96.16157246500615 16.036086098432698
94.1004285144075 15.811952643499643
92.03928456380886 14.229879520082358
89.97814061321021 14.736219496006003
87.91699666261158 15.98956405257393
85.85585271201293 16.60263917173246
83.7947087614143 15.3907118394714
81.73356481081566 13.398922113928773
79.67242086021702 14.91412610557847
77.61127690961838 16.687907913744514
75.55013295901973 15.906602541101934
73.4889890084211 14.48766989137387
71.42784505782245 17.070332149852483
69.3667011072238 17.605512607150526
67.30555715662517 22.58671302237365
65.24441320602652 18.65532297711846
63.18326925542789 22.742269379609123
61.122125304829254 25.361876878979462
59.060981354230606 24.81459627193781
56.999837403631965 31.23880333295476
54.93869345303332 33.3417621973181
52.87754950243468 36.93537809946831
50.81640555183604 39.616465239088775
48.75526160123741 45.41421454813533
46.694117650638766 49.576534271342155
44.632973700040125 54.82933473972166
42.571829749441484 61.93446422720967
40.510685798842836 66.79638543090495
38.449541848244195 73.81590189829176
36.388397897645554 74.1310434197267
34.32725394704692 77.92846916146296
32.26610999644828 79.15838340953678
30.204966045849638 77.42421069940221
28.143822095250997 78.44399492236339
26.082678144652352 77.6575825114716
24.021534194053714 82.28282390435831
21.960390243455073 83.48635886871705
19.899246292856432 82.28364642703598
17.83810234225779 81.8769310567715
15.776958391659152 79.96867153838151
13.715814441060509 87.42625295485036
11.654670490461871 93.92686107890185
9.593526539863229 95.13791377482434
7.532382589264588 90.5673087851741
5.471238638665947 79.79893863864
3.4100946880673066 81.57429534709183
1.348950737468666 75.40110083089837
-0.7121932131299749 63.47667629093599
-2.773337163728616 57.98374609613446
-4.834481114327256 53.55696115847872
-6.8956250649258966 49.34957394435671
-8.956769015524538 47.77034395235142
-11.017912966123179 43.940069235665824
-13.07905691672182 38.32729955153648
-15.14020086732046 36.06624139662985
-17.2013448179191 32.772272305039465
-19.26248876851774 29.746474191973064
-21.323632719116382 28.166732046458804
-23.384776669715027 25.84066893490184
-25.445920620313665 26.96457211017263
-27.507064570912306 23.196859579674726
-29.568208521510947 22.582826261556082
-31.629352472109588 24.467710276538735
-33.69049642270823 25.692349620847384
-35.75164037330686 25.57302587776676
-37.81278432390551 27.52819190246214
-39.87392827450415 26.891078172735405
-41.93507222510279 30.45464838469173
-43.996216175701434 29.872984387903767
-46.057360126300075 34.393194130209864
-48.11850407689871 39.90401096997865
-50.17964802749735 40.15790800727364
-52.24079197809599 43.16313626608579
-54.30193592869463 45.48493773090247
-56.36307987929328 46.595579474351325
-58.42422382989192 48.721100315727355
-60.48536778049056 49.36043788106413
-62.5465117310892 47.88508635296371
-64.60765568168783 45.58981461603881
-66.66879963228648 43.84999895141078
-68.72994358288511 37.37994234629477
-70.79108753348376 37.2955949463267
-72.8522314840824 32.37564815326049
-74.91337543468104 30.428020321537417
-76.97451938527968 30.70400132833088
-79.03566333587833 27.439971361230597
-81.09680728647696 26.719177846991563
-83.1579512370756 26.57950032423483
-85.21909518767426 25.41189854220256
-87.28023913827289 24.80492225069037
-89.34138308887154 22.328788273374403
-91.40252703947017 21.724772479135908
-93.46367099006882 21.5263447813472
-95.52481494066745 19.32845800223659
-97.58595889126609 18.121738665483925
-99.64710284186474 17.409322219619046
-101.70824679246337 18.804830533624504
-103.76939074306202 16.962241749610836
-105.83053469366065 20.6471224471998
-107.8916786442593 15.840287943495094
-109.95282259485793 17.788441747143246
-112.01396654545657 15.968718700385464
-114.07511049605522 17.248266031683844
-116.13625444665385 19.26453494088285
-118.1973983972525 17.0745200323005
-120.25854234785113 16.352490053023224
-122.31968629844978 16.834105518109894
-124.38083024904843 16.248512969576783
-126.44197419964706 17.794902916529775
-128.5031181502457 16.880452383330084
-130.56426210084433 19.397749314646926
-132.62540605144298 19.46746160242849
-134.68655000204163 16.69673062135434
-136.74769395264025 16.11951947080233
-138.8088379032389 17.893967760280965
-140.86998185383754 16.5546285972632
-142.9311258044362 18.858169046287195
-144.99226975503484 18.45226975782371
-147.05341370563346 17.698641617585128
-149.11455765623214 18.294784921636005
-151.17570160683076 17.00878285171372
-153.2368455574294 19.320481284578864
-155.29798950802802 18.63464878089888
-157.35913345862667 18.067593785834603
-159.42027740922532 18.27185146357266
-161.48142135982397 16.569209315731488
-163.5425653104226 19.080835407282372
-165.60370926102124 19.649695239823988
-167.66485321161986 20.148258354160042
-169.72599716221853 20.823641638044695
-171.78714111281715 21.28071060603201
-173.8482850634158 20.20294026056014
-175.90942901401442 18.837850886064587
-177.9705729646131 18.626106008361862
-180.03171691521172 17.898231705765323
-182.09286086581037 17.708517407689012
-184.154004816409 17.878324984324053
-186.21514876700763 20.04515707473513
-188.2762927176063 17.788601404091466
-190.33743666820493 17.44391840137463
-192.39858061880358 16.1255834351006
-194.4597245694022 18.93043138284394
-196.52086852000085 18.038724015629388
-198.5820124705995 21.109045451354557
-200.64315642119814 21.44593451455494
-202.70430037179676 20.562425030915996
-204.7654443223954 19.57065998581134
-206.82658827299406 18.91682629043516
-208.8877322235927 20.588382075626924
-210.94887617419133 19.158013074416118
-213.01002012478997 19.544510244070832
-215.0711640753886 19.248909422904873
-217.13230802598727 17.446467108301043
-219.1934519765859 18.780810841584515
-221.25459592718454 20.171109051870257
-223.3157398777832 20.41882655534881
-225.3768838283818 19.304639683113262
-227.43802777898048 21.519151190267205
-229.4991717295791 19.45098523336347
-231.56031568017775 21.894773866656575
-233.62145963077637 22.123288617412587
-235.68260358137502 16.541798133472103
-237.74374753197367 18.166911628529313
-239.80489148257232 22.12721221140882
-241.86603543317094 21.106572117759082
-243.92717938376958 20.85399696176112
-245.98832333436823 17.931652449109063
-248.04946728496688 19.810036644859508
-250.1106112355655 16.67379097192144
-252.17175518616415 17.18247461470518
-254.23289913676277 19.277133052622602
-256.29404308736144 20.000240128309947
