# BEGINHEADER
# This file contains data from the SALSA 2m radio telescope.
# DATE=2024-12-12T19:06:0044
# GLON and GLAT given in degrees
# GLON=42.359734723635576
# GLAT=0.28193154333491466
# DATA in two columns below. Col. 1 is velocity relative to LSR [km/s]. Col. 2 is uncalibrated antenna temperature [K].
# ENDHEADER
270.54017826965503 9.143472995715745
268.47903431905644 19.150097662304713
266.4178903684578 17.679038909429458
264.3567464178591 18.781385042166963
262.2956024672605 17.475932984454335
260.23445851666185 18.880587847255796
258.1733145660632 16.274836405409022
256.11217061546455 19.568880616344092
254.05102666486593 19.006485154403812
251.98988271426728 16.304000387625084
249.92873876366863 18.15046332644698
247.86759481307 14.133911420327955
245.80645086247137 16.5398238049911
243.74530691187275 19.233702463897664
241.68416296127407 15.903472133735606
239.62301901067545 15.72671229163033
237.5618750600768 14.859266479648452
235.50073110947815 17.129557681519916
233.4395871588795 17.175242513943132
231.37844320828086 19.254094721643035
229.31729925768224 14.579442023210872
227.2561553070836 16.52766499254905
225.19501135648497 15.965088844695773
223.1338674058863 17.49309152078074
221.07272345528767 18.895926414227084
219.01157950468902 17.16136458639013
216.9504355540904 18.130139697767266
214.88929160349176 17.74826398891519
212.8281476528931 19.74723449240711
210.76700370229446 15.736508220352462
208.70585975169584 16.574668334071205
206.6447158010972 16.77023841608497
204.58357185049857 18.57527195419353
202.5224278998999 15.85307169515187
200.46128394930128 17.153780889005382
198.40013999870263 16.89575975583365
196.33899604810398 15.59473697778481
194.27785209750536 18.964940925879773
192.2167081469067 17.489488376502937
190.1555641963081 15.640767232494921
188.09442024570944 16.60524402592141
186.0332762951108 15.126976920769193
183.97213234451215 17.0642955721961
181.91098839391353 18.971063139303254
179.84984444331488 17.139788957630913
177.78870049271623 18.32865328697172
175.72755654211758 15.06112968879022
173.66641259151896 17.055851411002234
171.60526864092031 15.869138274046854
169.5441246903217 15.736213081008971
167.48298073972302 17.671142014425794
165.4218367891244 16.276581598645638
163.36069283852575 16.761604527066645
161.29954888792713 16.712843572501185
159.23840493732848 16.780602925681798
157.1772609867298 14.001001385960318
155.1161170361312 15.722231062804232
153.05497308553254 16.526069695422986
150.99382913493392 15.460449069225154
148.93268518433527 15.410441437456884
146.87154123373662 15.541779170691198
144.81039728313797 17.426748331260146
142.74925333253935 17.458298381858242
140.6881093819407 18.70229751213053
138.62696543134206 17.1640067131521
136.5658214807434 16.62797184141323
134.5046775301448 15.845339422759974
132.44353357954614 13.967733837405811
130.3823896289475 16.667715547460105
128.32124567834887 18.35457186886497
126.26010172775021 16.741409033874795
124.19895777715158 19.368901872096274
122.13781382655294 15.07055443877357
120.0766698759543 16.421496797169798
118.01552592535566 14.218925623894641
115.95438197475701 14.250002869332915
113.89323802415838 15.668470588706471
111.83209407355973 14.681502321931944
109.7709501229611 18.378435349244654
107.70980617236246 16.119250734643405
105.64866222176381 15.613186327024804
103.58751827116518 16.925894953469317
101.52637432056653 18.037037434796932
99.46523036996788 17.285286855273462
97.40408641936924 15.211791424604423
95.3429424687706 16.27642740633567
93.28179851817197 15.909542688029862
91.22065456757332 18.620475194428927
89.15951061697469 19.11142142782242
87.09836666637604 21.13701620920554
85.0372227157774 21.973088288813894
82.97607876517876 23.788378643033383
80.91493481458012 27.287571077525037
78.85379086398149 28.428382341189618
76.79264691338284 31.31180797962497
74.7315029627842 37.33297847614172
72.67035901218556 44.82298142386359
70.60921506158692 51.1226397701167
68.54807111098827 55.11269760134612
66.48692716038964 64.41753591116506
64.42578320979099 67.91746073809422
62.36463925919235 73.27987270654607
60.30349530859371 75.0975638241078
58.24235135799508 71.80676714913194
56.181207407396435 74.35737125246787
54.120063456797794 74.60755400154605
52.05891950619915 68.70719749266893
49.997775555600505 68.0549799934372
47.936631605001864 67.94563376415023
45.87548765440323 65.43910163184572
43.81434370380459 65.12647378923634
41.75319975320595 64.10722392411151
39.69205580260731 66.935187102669
37.630911852008666 67.9418166659287
35.569767901410025 70.99279513339297
33.50862395081138 72.37119468916701
31.447480000212742 72.21368261028076
29.3863360496141 73.70438402616566
27.32519209901546 72.33688961806125
25.26404814841682 76.84754055854908
23.202904197818178 75.6210103517359
21.141760247219537 73.51695251394682
19.080616296620896 68.3157859087574
17.01947234602225 66.84249689132834
14.958328395423614 63.5281278820415
12.897184444824973 66.49555691195262
10.836040494226335 69.31533112326238
8.774896543627692 75.77594860711959
6.713752593029051 70.81336632409784
4.65260864243041 74.11448074840227
2.59146469183177 64.1726470653054
0.5303207412331289 54.137132711729514
-1.530823209365512 42.37963386103508
-3.591967159964153 34.01473765356008
-5.653111110562794 29.379406331352445
-7.714255061161434 26.487778859307603
-9.775399011760076 25.107460088373063
-11.836542962358715 25.152908893260967
-13.897686912957358 26.610214183259906
-15.958830863555997 28.00394342717421
-18.019974814154637 28.30046581825476
-20.081118764753278 28.053491516600154
-22.142262715351922 28.79665965168943
-24.203406665950563 25.79392896157943
-26.264550616549197 29.041057949763275
-28.32569456714784 33.43727275479868
-30.386838517746483 33.00374060924172
-32.447982468345124 35.69767934122201
-34.509126418943765 40.131200193192186
-36.570270369542406 42.50757901895238
-38.63141432014104 43.16921503682333
-40.69255827073968 40.317587696920654
-42.75370222133832 41.939092060621
-44.81484617193696 41.77430260230837
-46.87599012253561 43.60321519893708
-48.93713407313425 40.12885342100256
-50.99827802373289 40.82550052937962
-53.05942197433153 42.76041015313541
-55.12056592493017 41.51427540740246
-57.18170987552881 41.455429205112864
-59.24285382612745 38.96305903267381
-61.30399777672609 36.05218092993995
-63.36514172732473 33.98144041609735
-65.42628567792337 29.63032641797043
-67.48742962852202 27.829579765096735
-69.54857357912066 27.236978459186155
-71.60971752971929 24.674688287394748
-73.67086148031794 22.87864915576592
-75.73200543091657 24.71384006601587
-77.79314938151522 19.091026729250185
-79.85429333211385 20.090374085352792
-81.9154372827125 19.46908871665221
-83.97658123331114 18.19537909715507
-86.03772518390977 18.287216857707246
-88.09886913450842 17.90722717141881
-90.16001308510705 19.309917659743437
-92.2211570357057 19.209987707206242
-94.28230098630435 17.131631165675774
-96.343444936903 17.41158584062777
-98.40458888750163 16.66600975427577
-100.46573283810027 16.69353334032239
-102.52687678869891 19.03774969224699
-104.58802073929755 19.104728488703536
-106.6491646898962 18.810187328306373
-108.71030864049483 19.256694031062978
-110.77145259109348 17.84718146006927
-112.83259654169211 20.590079897336338
-114.89374049229075 19.18511655380918
-116.9548844428894 18.683591230792018
-119.01602839348803 18.531693928164696
-121.07717234408668 18.576990153285625
-123.13831629468531 18.461522672107844
-125.19946024528396 18.914560220397885
-127.26060419588259 19.322875581121348
-129.32174814648124 17.975217717073217
-131.38289209707986 17.642854746113326
-133.44403604767854 22.023158735090224
-135.50517999827716 20.38655192607437
-137.5663239488758 20.862784478959018
-139.62746789947442 18.904858362608685
-141.68861185007307 19.387271203558416
-143.74975580067172 19.837554716757907
-145.81089975127037 18.534716780641705
-147.872043701869 20.372459773310734
-149.93318765246764 19.619133378161305
-151.9943316030663 19.914876935800233
-154.05547555366493 18.93293765731542
-156.11661950426358 20.587889378213482
-158.1777634548622 23.930856884590202
-160.23890740546085 23.330967342506884
-162.3000513560595 22.69556007169889
-164.36119530665815 21.881013851882642
-166.42233925725677 18.442665927175344
-168.48348320785541 20.611696727619865
-170.54462715845403 20.226366579464006
-172.6057711090527 21.89479888105866
-174.66691505965133 21.594297870397043
-176.72805901024998 18.392615719894177
-178.7892029608486 21.050330482748077
-180.85034691144728 20.05641788244565
-182.9114908620459 20.40997470241556
-184.97263481264454 23.18762160761354
-187.03377876324316 22.09741192307014
-189.0949227138418 20.314957786763863
-191.1560666644405 19.94247120390372
-193.2172106150391 22.485479106796618
-195.27835456563776 22.246888079048595
-197.33949851623638 18.670735679255635
-199.40064246683505 22.05849079357881
-201.46178641743367 21.428984086306535
-203.52293036803235 21.51837379835295
-205.58407431863097 20.377309256622578
-207.64521826922962 20.228576758320454
-209.70636221982824 19.676736070365518
-211.76750617042688 20.889549882201553
-213.82865012102553 19.592136827304877
-215.88979407162418 21.551456745365403
-217.9509380222228 19.48712991926681
-220.01208197282145 22.986507155234346
-222.0732259234201 22.073662815214966
-224.13436987401874 20.04144881425592
-226.19551382461736 20.006263335954596
-228.256657775216 22.09452381340486
-230.31780172581466 23.572325371595728
-232.3789456764133 18.477547464095757
-234.44008962701196 20.277354794650932
-236.50123357761058 20.169561231930548
-238.56237752820923 19.548821196983955
-240.62352147880785 19.833990552236102
-242.68466542940652 23.87673816498674
-244.74580938000514 19.04761922565773
-246.8069533306038 21.577867252490087
-248.8680972812024 21.77014888150772
-250.9292412318011 21.03393789347285
-252.9903851823997 19.82196347376179
-255.05152913299835 20.790423363613318
