# BEGINHEADER
# This file contains data from the SALSA 2m radio telescope.
# DATE=2024-12-12T19:17:0048
# GLON and GLAT given in degrees
# GLON=62.419578496602426
# GLAT=0.140569043568791
# DATA in two columns below. Col. 1 is velocity relative to LSR [km/s]. Col. 2 is uncalibrated antenna temperature [K].
# ENDHEADER
268.4725184257422 8.833237504623844
266.41137447514353 17.207462974233728
264.3502305245448 14.911242641685636
262.28908657394624 16.456905301593054
260.2279426233476 13.93064139643348
258.16679867274894 15.621661534685854
256.1056547221503 15.748379973791122
254.04451077155167 16.238014586188257
251.983366820953 15.337811988934186
249.92222287035437 14.601159690401671
247.86107891975573 17.46830815834616
245.7999349691571 16.237823892051793
243.73879101855846 16.07250371196069
241.6776470679598 16.23047550963236
239.61650311736116 15.350655681630395
237.55535916676254 12.954719801510464
235.4942152161639 15.680356914813743
233.43307126556527 13.900905202474952
231.3719273149666 13.502640848769435
229.31078336436798 15.949030048533524
227.24963941376933 13.855341412792965
225.1884954631707 15.029704862002017
223.12735151257206 15.241308098338875
221.06620756197339 15.340491586321168
219.00506361137477 15.22328579088588
216.94391966077612 14.683680892499103
214.8827757101775 14.654488597707685
212.82163175957882 14.657366348710575
210.7604878089802 13.603525775907583
208.69934385838155 15.668949537279234
206.63819990778293 14.78444855298979
204.57705595718429 14.4650438317167
202.51591200658564 17.09817546542035
200.454768055987 17.915024201088894
198.39362410538837 17.115245686370333
196.33248015478972 14.488245955719387
194.2713362041911 14.82289977252974
192.21019225359242 15.46582710853668
190.1490483029938 15.307426509961642
188.08790435239516 16.085978194796567
186.02676040179654 15.131630026457097
183.96561645119786 13.567716702008216
181.9044725005992 13.350856212931372
179.8433285500006 14.347528293123851
177.78218459940194 15.203412448859916
175.72104064880332 16.70644801214082
173.65989669820465 18.980996172548842
171.59875274760603 16.782015618614636
169.53760879700738 16.03166350445111
167.47646484640876 16.030470067514678
165.4153208958101 16.84277432333033
163.35417694521146 14.225107076852371
161.29303299461282 13.514590852769812
159.2318890440142 16.52822465503022
157.17074509341555 15.055954324301132
155.1096011428169 15.730293865876595
153.04845719221825 12.143706355809767
150.98731324161963 13.77811441577443
148.92616929102098 15.788572796498238
146.86502534042236 15.378594339884211
144.8038813898237 16.555407654700034
142.74273743922504 13.224299212902542
140.68159348862642 14.283708952978845
138.62044953802777 15.488657476296583
136.55930558742915 16.48433910100936
134.49816163683047 14.412035960671304
132.43701768623185 14.73435295497139
130.3758737356332 14.032972012265047
128.31472978503456 15.630748286059958
126.25358583443594 15.138191358743255
124.1924418838373 16.771957756273725
122.13129793323864 15.927715318697587
120.07015398264001 14.371290238957322
118.00901003204136 14.719688721311673
115.94786608144273 14.603734000375182
113.88672213084408 15.562959930035852
111.82557818024544 13.755048512721991
109.76443422964681 14.87803123679087
107.70329027904816 13.803156865936373
105.64214632844953 12.656687312541262
103.58100237785088 16.115400239463927
101.51985842725225 15.747080196876638
99.45871447665361 13.552973906083201
97.39757052605496 14.093400633600188
95.33642657545633 14.579790404217869
93.27528262485768 16.69574260437903
91.21413867425905 15.790184026609952
89.1529947236604 15.71493002656911
87.09185077306176 18.066185676921382
85.03070682246313 13.029096584718877
82.96956287186447 13.597066919369631
80.90841892126583 14.126598952063054
78.84727497066719 15.309438311150897
76.78613102006855 15.369805780504056
74.7249870694699 13.161357430258887
72.66384311887127 14.737968960428509
70.60269916827264 12.209458206698331
68.54155521767399 15.428517115867626
66.48041126707535 15.022182446670646
64.4192673164767 16.90412725283081
62.35812336587807 17.439069207365947
60.29697941527943 12.823486481201442
58.23583546468079 17.1341308920293
56.17469151408215 17.614657495123186
54.1135475634835 16.587365968048395
52.05240361288486 16.67720302318677
49.991259662286225 18.21576962727993
47.93011571168758 19.81082510090423
45.868971761088936 20.177526723593367
43.807827810490295 22.5607708799481
41.746683859891654 25.05180662366479
39.68553990929302 32.479340310674196
37.62439595869438 34.7129603647558
35.56325200809573 41.79078300126623
33.50210805749709 49.51121414442293
31.44096410689845 55.58747367439568
29.37982015629981 66.46525463062146
27.31867620570117 71.27858974914962
25.25753225510253 80.7412590051636
23.19638830450389 87.7527847367927
21.135244353905247 97.28236923118027
19.074100403306606 99.46752548046864
17.012956452707964 105.88922228966076
14.951812502109323 112.07152514091997
12.890668551510684 114.7758470167828
10.829524600912045 120.12213049106425
8.768380650313404 118.45531523761393
6.7072366997147626 112.1412242256037
4.646092749116122 97.79041862046952
2.5849487985174813 93.37686405109982
0.5238048479188402 82.99067663529034
-1.5373391026798005 75.52407185977427
-3.5984830532784415 68.55913873868948
-5.659627003877082 61.300284570844255
-7.7207709544757215 54.56610464121144
-9.781914905074364 52.009289223009176
-11.843058855673004 51.56467132047645
-13.904202806271647 47.656008453830374
-15.965346756870288 43.83663334360901
-18.026490707468927 41.57433963790062
-20.087634658067568 38.04858548941641
-22.14877860866621 34.784031979979694
-24.20992255926485 32.22816081607064
-26.27106650986349 28.63654134167472
-28.332210460462132 27.03881474947726
-30.393354411060773 24.971098957994457
-32.45449836165941 24.528454635770828
-34.51564231225805 23.855870651759982
-36.57678626285669 26.473457505115896
-38.637930213455334 26.96269679894393
-40.69907416405398 25.047713664772647
-42.760218114652616 25.706988895593604
-44.82136206525126 28.32056948689818
-46.8825060158499 28.088997250523704
-48.94364996644854 31.03382053076842
-51.004793917047174 35.44176612086866
-53.065937867645815 36.49144659612021
-55.127081818244456 41.44423454931677
-57.1882257688431 43.79337155241233
-59.24936971944174 49.01981178283003
-61.31051367004038 55.01949385629394
-63.37165762063902 57.56754451127977
-65.43280157123766 60.90967550576773
-67.4939455218363 59.87955224237928
-69.55508947243493 58.47268895965079
-71.61623342303359 53.861938434203076
-73.67737737363223 49.77908758835071
-75.73852132423087 45.77754482698411
-77.79966527482951 39.668410859179644
-79.86080922542816 35.71129376338827
-81.92195317602679 30.73958859449243
-83.98309712662542 29.957751729720076
-86.04424107722407 26.839159836678192
-88.1053850278227 26.328998232248946
-90.16652897842135 25.327771090708566
-92.22767292901999 22.334338606744645
-94.28881687961862 21.08960573162846
-96.34996083021727 21.760229847588466
-98.4111047808159 22.11482446922147
-100.47224873141455 23.681526487981138
-102.53339268201319 20.079020409362258
-104.59453663261183 22.298189275459443
-106.65568058321047 20.69465417851238
-108.7168245338091 20.96310614354678
-110.77796848440777 19.781219448267553
-112.8391124350064 19.455955039308304
-114.90025638560505 21.078848228133882
-116.96140033620368 17.38467817722545
-119.02254428680233 18.995360828920862
-121.08368823740096 20.266349785351878
-123.1448321879996 19.252354033268308
-125.20597613859825 18.09963812046129
-127.26712008919688 15.359516515581731
-129.32826403979553 17.696902453467484
-131.38940799039418 14.745342136430201
-133.4505519409928 15.873778070395826
-135.51169589159144 18.990961616578634
-137.5728398421901 18.062929698498944
-139.63398379278874 17.229886790141364
-141.69512774338736 16.304181999494496
-143.756271693986 18.00164199267824
-145.81741564458466 18.03844871658921
-147.8785595951833 18.792749699561632
-149.93970354578192 15.87931825609849
-152.00084749638057 17.807466310228158
-154.0619914469792 18.288176669184004
-156.12313539757787 15.006773643671885
-158.1842793481765 14.830458685998
-160.24542329877514 16.66480132910791
-162.30656724937376 18.243915486893002
-164.3677111999724 19.220628425080065
-166.42885515057108 21.25106613103535
-168.4899991011697 18.74350352957875
-170.55114305176835 19.1681378726174
-172.61228700236697 17.375240696240162
-174.67343095296565 19.41175109107432
-176.73457490356427 20.53968516808633
-178.7957188541629 19.951221968659098
-180.85686280476153 17.75574612865531
-182.91800675536018 17.307607687793624
-184.97915070595883 20.26595682556493
-187.04029465655748 18.30304110606707
-189.1014386071561 18.652980776602256
-191.16258255775475 20.954222072406434
-193.22372650835337 19.236256403535375
-195.28487045895204 18.260974737532763
-197.34601440955066 17.99584481387435
-199.4071583601493 18.441474115196737
-201.46830231074793 20.220699803586196
-203.5294462613466 22.218912893903877
-205.59059021194525 19.99001268426612
-207.65173416254387 19.615052502812944
-209.71287811314252 19.282141062242243
-211.77402206374114 18.69790565339684
-213.83516601433982 19.6306519438334
-215.89630996493844 20.73161162502654
-217.9574539155371 18.99312899385853
-220.0185978661357 20.96350274963442
-222.07974181673436 17.419832211352567
-224.140885767333 20.04661169952655
-226.20202971793165 18.685194364252673
-228.26317366853027 17.883873437379872
-230.32431761912892 22.169620656409453
-232.38546156972754 18.354244198075357
-234.44660552032622 18.07732602591155
-236.50774947092484 18.493855592822936
-238.56889342152348 17.19322653511156
-240.6300373721221 19.65450124395574
-242.69118132272078 18.34281588631435
-244.75232527331943 18.57865092327285
-246.81346922391805 18.217313595822045
-248.8746131745167 18.6460845873408
-250.93575712511532 18.156345426125007
-252.996901075714 17.910250673913623
-255.0580450263126 18.758160176591918
-257.11918897691123 17.521879268035146
