# BEGINHEADER
# This file contains data from the SALSA 2m radio telescope.
# DATE=2024-12-12T19:26:0027
# GLON and GLAT given in degrees
# GLON=77.33902274451941
# GLAT=0.0916343469624413
# DATA in two columns below. Col. 1 is velocity relative to LSR [km/s]. Col. 2 is uncalibrated antenna temperature [K].
# ENDHEADER
266.68714178720904 8.508189592576462
264.62599783661034 17.72294412044365
262.56485388601175 13.922420826517744
260.5037099354131 16.599376176942176
258.44256598481445 12.820117354007785
256.3814220342158 15.450960145779522
254.32027808361715 14.895310301559695
252.25913413301853 14.0484206916611
250.1979901824199 17.035014045138062
248.13684623182127 15.315320561016074
246.0757022812226 16.791183740563824
244.01455833062397 15.410486994711512
241.95341438002532 12.848057346576901
239.8922704294267 12.346538750198576
237.83112647882803 14.297596694021854
235.7699825282294 15.050838615849532
233.70883857763076 14.312894175789907
231.64769462703214 14.94673424379638
229.5865506764335 13.61250474185782
227.5254067258348 13.732589067052832
225.4642627752362 13.185894789413855
223.40311882463755 14.100690739822449
221.34197487403893 13.368029056390373
219.28083092344028 13.739861792348657
217.21968697284163 14.736582671637576
215.15854302224298 12.960578250436628
213.09739907164436 13.448927141996633
211.0362551210457 13.277090662620596
208.97511117044706 14.627812189672703
206.91396721984842 13.940389226377654
204.8528232692498 13.424240078053096
202.79167931865115 13.833837804233362
200.73053536805253 11.512040917469951
198.66939141745385 12.365634906172764
196.60824746685523 13.655505581035753
194.54710351625658 11.646068296364447
192.48595956565796 12.260048254252714
190.42481561505932 16.3907541565687
188.36367166446064 16.148056051949588
186.30252771386202 12.223247445821192
184.24138376326337 14.64925358953114
182.18023981266475 14.407456614596494
180.1190958620661 14.219102306653363
178.05795191146746 14.965489959554992
175.9968079608688 12.713064284959914
173.9356640102702 11.961373088349946
171.87452005967154 13.688136376680395
169.8133761090729 12.32372750891352
167.75223215847424 11.884730981930888
165.69108820787562 13.366877310801137
163.62994425727697 12.451510589838914
161.56880030667836 15.018176931787567
159.50765635607968 13.267211474071031
157.44651240548106 13.537239796248109
155.3853684548824 12.905713125985622
153.3242245042838 12.523332568697018
151.26308055368514 14.116754799465033
149.20193660308647 12.57546164788733
147.14079265248785 12.641056862850457
145.0796487018892 16.673073216798013
143.01850475129058 14.733101629792717
140.9573608006919 12.685243345012001
138.89621685009328 14.867261706401157
136.83507289949463 16.011214810116705
134.773928948896 13.27302364078526
132.71278499829737 14.71398190725667
130.65164104769872 14.87565622673859
128.59049709710007 12.674388323788342
126.52935314650144 12.206377030260938
124.4682091959028 13.25301634033668
122.40706524530415 14.440540720349809
120.34592129470552 12.582955437218898
118.28477734410687 11.361047169684369
116.22363339350824 13.189156459658586
114.16248944290959 12.678608901703758
112.10134549231095 12.737299717159019
110.04020154171232 14.274462781628722
107.97905759111367 14.683306230151421
105.91791364051504 13.942106437561351
103.85676968991639 11.210093257222363
101.79562573931776 13.36172373049448
99.73448178871911 14.297316150063187
97.67333783812049 12.983509777762242
95.61219388752184 13.452213231981247
93.5510499369232 14.77095637112813
91.48990598632456 14.960327435797398
89.42876203572591 11.692935491501098
87.36761808512728 16.338076496415084
85.30647413452863 16.08276215043411
83.24533018393 13.690692108235352
81.18418623333135 14.049010448963335
79.12304228273271 12.624681175676393
77.06189833213408 14.82978840396674
75.00075438153543 14.131537169009276
72.9396104309368 14.614654007566713
70.87846648033815 13.274429615284959
68.81732252973951 12.480761163269483
66.75617857914087 12.012107759928835
64.69503462854223 14.413818607976726
62.63389067794359 15.704409242954025
60.57274672734494 14.846472446502615
58.5116027767463 12.832044163145738
56.45045882614767 12.27380924554165
54.389314875549026 14.056001836659716
52.328170924950385 13.496684548888096
50.267026974351744 15.155343851574498
48.205883023753096 13.818231012293566
46.144739073154454 14.943231878377297
44.08359512255582 14.411429090995558
42.02245117195717 13.42194203717659
39.96130722135853 17.308800661399946
37.90016327075989 15.921081735496818
35.83901932016125 16.45213659014693
33.77787536956261 15.54477154013671
31.71673141896397 19.0799138915247
29.65558746836533 16.237231318339997
27.59444351776669 20.874914373875836
25.533299567168047 25.455396038715598
23.472155616569406 29.749284133475633
21.41101166597077 35.5799678925875
19.349867715372127 49.40943441803677
17.288723764773483 65.47355618885449
15.227579814174844 86.43369736716296
13.166435863576204 104.91152812234401
11.105291912977563 119.496894976451
9.044147962378922 129.04780486821676
6.983004011780282 135.8302642043411
4.921860061181641 131.01998742477195
2.860716110583 121.64952506200872
0.7995721599843596 125.8226912230306
-1.2615717906142812 123.98633553022758
-3.322715741212922 121.23624068127378
-5.383859691811563 115.33104142571162
-7.445003642410204 107.7214040912302
-9.506147593008844 96.88296571743413
-11.567291543607485 81.79830442937458
-13.628435494206128 71.4768528717263
-15.689579444804767 60.35522881330499
-17.75072339540341 57.845529668696464
-19.811867346002046 50.01133446267391
-21.87301129660069 49.92574463149073
-23.93415524719933 45.74947015571478
-25.995299197797973 51.12376325391092
-28.05644314839661 50.46802451881871
-30.117587098995255 50.30060906445685
-32.17873104959389 50.96876923172242
-34.239875000192534 50.68742872647872
-36.30101895079118 51.88860710514346
-38.362162901389816 50.44904594987794
-40.42330685198846 50.70977726130938
-42.4844508025871 47.29217251534803
-44.54559475318574 46.655257470091335
-46.60673870378438 43.96997468657962
-48.66788265438302 40.82313611466377
-50.729026604981655 39.36516167480765
-52.790170555580296 37.951103728304595
-54.85131450617894 37.84858918579327
-56.91245845677758 39.26855220824301
-58.97360240737622 41.080141751994354
-61.03474635797486 41.49707553534443
-63.0958903085735 49.28061589543268
-65.15703425917215 52.813524931583004
-67.21817820977078 52.18473319830175
-69.27932216036943 56.71412732165981
-71.34046611096807 53.638158709143035
-73.40161006156671 54.61968516855001
-75.46275401216535 54.77020873215142
-77.52389796276398 52.31940266784134
-79.58504191336263 50.02992016633175
-81.64618586396126 47.30838024935901
-83.70732981455991 45.01138760686298
-85.76847376515855 40.83266216416057
-87.8296177157572 38.648818328284335
-89.89076166635583 33.36365062469847
-91.95190561695446 33.66950945610557
-94.01304956755311 26.619115048488553
-96.07419351815174 24.76491244769276
-98.1353374687504 24.412170415333428
-100.19648141934904 24.169480639313385
-102.25762536994769 20.38655002416487
-104.31876932054634 20.152480201821927
-106.37991327114497 20.53433644600127
-108.44105722174362 19.553241177282278
-110.50220117234225 21.636787163272583
-112.56334512294089 16.096675640199372
-114.62448907353954 19.79934300668944
-116.68563302413817 20.051687374769358
-118.74677697473682 16.98305253331618
-120.80792092533545 19.745534087533244
-122.8690648759341 16.31279308492981
-124.93020882653273 16.92812586632903
-126.99135277713137 17.15942509580818
-129.05249672773002 16.632476827806478
-131.11364067832866 16.80465045448405
-133.1747846289273 18.82761938721806
-135.23592857952593 15.93135008213812
-137.29707253012458 15.88320728325856
-139.3582164807232 17.503274774838832
-141.41936043132188 16.711168668167545
-143.4805043819205 15.398666113864373
-145.54164833251915 18.195176362390022
-147.60279228311776 17.941683478809008
-149.66393623371644 17.73571900819993
-151.72508018431506 16.531943842333103
-153.7862241349137 18.413900914836002
-155.84736808551233 16.682501241179196
-157.90851203611098 17.775049323171967
-159.96965598670965 17.203083570187985
-162.03079993730827 14.21320365032478
-164.09194388790692 18.398027558426502
-166.15308783850554 17.976080906972076
-168.2142317891042 17.494369825083513
-170.27537573970284 16.35764421439062
-172.3365196903015 18.97622453572472
-174.3976636409001 17.079882246481752
-176.45880759149875 16.162723927216682
-178.5199515420974 18.635313014769025
-180.58109549269605 18.297564211526264
-182.64223944329467 18.91075774735204
-184.70338339389332 18.170015062072892
-186.76452734449194 18.245706198755794
-188.82567129509061 18.87993332237221
-190.88681524568923 19.559687873055932
-192.94795919628788 17.399756993886857
-195.0091031468865 18.338064390787412
-197.07024709748515 17.64860600237812
-199.13139104808383 17.40765028781601
-201.19253499868245 19.44783969700135
-203.2536789492811 19.92681104773595
-205.31482289987972 19.738420687447842
-207.37596685047836 19.01303793487641
-209.437110801077 17.216961224513774
-211.49825475167566 21.239472970350974
-213.55939870227428 16.692476363625087
-215.62054265287293 16.15713957313792
-217.68168660347158 19.132191146069665
-219.74283055407022 18.438610152301163
-221.80397450466884 17.980691421158884
-223.8651184552675 19.984847297697456
-225.9262624058661 20.105295877131137
-227.9874063564648 19.12466817054294
-230.0485503070634 17.973753387865365
-232.10969425766206 17.94086015757837
-234.17083820826068 18.174931747685573
-236.23198215885932 18.048642948510466
-238.293126109458 16.043715870922142
-240.35427006005662 19.023209114622617
-242.41541401065527 18.70670432857074
-244.4765579612539 19.006977154479298
-246.53770191185257 17.597020253876995
-248.59884586245118 19.22563450290619
-250.65998981304983 19.35456242062926
-252.72113376364845 18.993241802137725
-254.7822777142471 19.176511935131177
-256.8434216648458 18.68085635491293
-258.90456561544437 16.603603968621762
