# BEGINHEADER
# This file contains data from the SALSA 2m radio telescope.
# DATE=2024-12-12T19:09:0032
# GLON and GLAT given in degrees
# GLON=47.45034199187911
# GLAT=0.1961266098205791
# DATA in two columns below. Col. 1 is velocity relative to LSR [km/s]. Col. 2 is uncalibrated antenna temperature [K].
# ENDHEADER
270.03923744093186 8.196888180902615
267.9780934903332 16.970814134470714
265.91694953973456 16.008906150922286
263.8558055891359 18.57101036342902
261.79466163853726 15.487714158587005
259.7335176879387 15.174050227222072
257.67237373734 14.446787065904722
255.61122978674135 16.94512552979434
253.55008583614273 14.06199272421977
251.48894188554408 16.924820804958944
249.42779793494543 19.06223556822649
247.36665398434678 13.636776332474104
245.30551003374813 15.74780928286235
243.24436608314952 14.477062913814905
241.18322213255087 15.05981892240082
239.12207818195225 14.169914857365116
237.06093423135357 12.601157695146732
234.99979028075495 12.947812986502804
232.9386463301563 15.057156900410211
230.87750237955768 17.90442610399843
228.81635842895903 15.48982679791664
226.7552144783604 18.70888961670589
224.69407052776174 13.250657354928524
222.63292657716312 19.6591798631492
220.57178262656447 15.687421299591833
218.51063867596582 15.334565742724708
216.44949472536717 15.218634940553315
214.38835077476855 13.907415018149145
212.3272068241699 16.801295892202326
210.26606287357126 14.924957196156283
208.2049189229726 15.190020393462026
206.14377497237396 16.40040956673084
204.08263102177534 17.733630631146205
202.0214870711767 17.330246253006315
199.96034312057807 15.096566556151208
197.8991991699794 14.17915282734705
195.83805521938078 16.436458192764267
193.77691126878213 14.058187246359081
191.7157673181835 14.94803756397535
189.65462336758483 15.75925929814633
187.5934794169862 17.88150093505094
185.53233546638756 16.347193220424142
183.47119151578895 15.216237854749288
181.4100475651903 12.985458138952527
179.34890361459165 14.460720365401997
177.287759663993 15.646456341892733
175.22661571339438 14.436140574286135
173.16547176279573 13.78538104704257
171.10432781219708 13.175979647700943
169.04318386159844 15.751631457264073
166.9820399109998 13.95814875420382
164.92089596040117 14.158212195273473
162.85975200980252 15.82158315991063
160.7986080592039 14.399154264009368
158.73746410860522 15.440943854950099
156.6763201580066 15.376552842130835
154.61517620740796 15.779446390176602
152.55403225680934 16.58987901582942
150.49288830621066 15.68117462233455
148.43174435561204 13.346034954095781
146.3706004050134 17.05310229388031
144.30945645441477 14.821294297400446
142.24831250381612 12.124288033080788
140.18716855321748 14.016050464844513
138.12602460261883 16.076303890093527
136.0648806520202 14.500916241768177
134.00373670142156 15.22287601233457
131.9425927508229 14.449027817699104
129.88144880022426 13.88597296694393
127.82030484962563 14.20634735799063
125.759160899027 14.811897702174079
123.69801694842835 14.098640469126307
121.63687299782971 14.548132764026043
119.57572904723108 12.93737971778709
117.51458509663243 12.737889771168966
115.4534411460338 14.039297177704695
113.39229719543513 14.165308813057276
111.3311532448365 14.39382707998778
109.27000929423785 14.627225733609707
107.20886534363922 14.53288745151317
105.14772139304058 13.616924227587953
103.08657744244194 13.730338165657832
101.0254334918433 11.394709265598392
98.96428954124465 12.164293914856124
96.903145590646 16.659372721064738
94.84200164004737 18.234342162079678
92.78085768944872 15.927596583649702
90.71971373885009 17.977681895878824
88.65856978825144 18.74390504808299
86.5974258376528 16.237944767244258
84.53628188705417 18.20869055635767
82.47513793645552 19.645904871969734
80.41399398585689 17.159876746388644
78.35285003525824 20.20574803895635
76.2917060846596 22.728681771604965
74.23056213406095 28.910618162466086
72.16941818346231 34.21453909182606
70.10827423286368 39.02246029657407
68.04713028226503 47.55260734526513
65.9859863316664 55.334225482127664
63.924842381067755 62.52431265037612
61.863698430469114 72.0902921130795
59.80255447987047 74.44267860120792
57.74141052927183 78.29525095044914
55.68026657867319 82.73433311584188
53.61912262807455 86.05884639084994
51.55797867747591 88.18679933557665
49.496834726877275 88.08441563320204
47.435690776278626 85.25939389685354
45.374546825679985 78.47578919846448
43.313402875081344 76.44774834466209
41.2522589244827 72.34678744123806
39.19111497388406 68.82036556943497
37.12997102328542 63.396437060005105
35.06882707268679 62.613134576694044
33.007683122088146 60.041269905655255
30.9465391714895 61.05149316318756
28.88539522089086 65.55105975142259
26.82425127029222 71.04940090193662
24.76310731969358 78.1973648275639
22.701963369094937 81.19341053221602
20.640819418496296 82.22898013773656
18.57967546789766 76.42384456788507
16.518531517299017 76.4426644927448
14.457387566700376 79.31272876795099
12.396243616101735 81.48361495178541
10.335099665503094 85.80745541758625
8.273955714904453 84.36088874681863
6.212811764305813 81.69869380360738
4.1516678137071725 82.1692518059188
2.090523863108531 72.01053078571411
0.029379912509890253 61.0029621289787
-2.0317640380887507 46.376880076323594
-4.092907988687391 36.23870268859332
-6.154051939286032 30.60378857985216
-8.215195889884674 29.18045824824794
-10.276339840483313 26.57243295663515
-12.337483791081956 23.39664516408897
-14.398627741680595 23.920217559343726
-16.459771692279237 22.061438783912934
-18.520915642877878 24.20088686994572
-20.58205959347652 25.850847109255156
-22.643203544075156 24.171535031447295
-24.7043474946738 24.572689250697742
-26.765491445272442 28.618558088114867
-28.82663539587108 28.718071470175577
-30.88777934646972 28.66146664758241
-32.94892329706836 30.675075648199385
-35.010067247667 31.236324006757357
-37.071211198265644 35.719045765697466
-39.132355148864285 36.90854514132342
-41.193499099462926 37.78624924299301
-43.25464305006157 39.64192172696247
-45.31578700066021 40.55378316818597
-47.37693095125884 42.21236519052641
-49.43807490185749 42.21115974516081
-51.49921885245613 42.0675722943529
-53.56036280305477 40.76487600525692
-55.621506753653414 42.454529521942234
-57.682650704252055 41.04069973762781
-59.743794654850696 38.21556284071069
-61.80493860544933 33.317556680844085
-63.86608255604797 33.534863724625744
-65.92722650664662 34.29834196488322
-67.98837045724525 27.640825595504502
-70.04951440784389 26.325472208447653
-72.11065835844254 25.988890916863532
-74.17180230904117 25.730542220600036
-76.23294625963982 24.85534236064849
-78.29409021023847 22.529708178685695
-80.35523416083711 19.284502494209207
-82.41637811143575 19.62462178880199
-84.47752206203438 16.902255678145263
-86.53866601263303 15.87912068444678
-88.59980996323166 19.21983972601698
-90.66095391383031 18.168810198248
-92.72209786442895 18.645893122511882
-94.78324181502758 16.503039267928962
-96.84438576562623 15.529504705847856
-98.90552971622486 17.673544271398832
-100.9666736668235 17.315387039790036
-103.02781761742213 18.595238996784243
-105.08896156802078 17.107372348953373
-107.15010551861941 17.48118854950713
-109.21124946921806 15.956808265149112
-111.2723934198167 18.61398356006352
-113.33353737041534 15.272852773474678
-115.39468132101398 16.656613729051042
-117.45582527161262 16.65741228743464
-119.51696922221127 17.77495719662365
-121.5781131728099 17.03772995870332
-123.63925712340856 17.19102573628318
-125.70040107400719 16.25445394340873
-127.76154502460584 16.271149253087504
-129.82268897520447 15.857938011941474
-131.88383292580312 16.46690042094792
-133.94497687640174 18.467627784712338
-136.0061208270004 16.24631471589448
-138.06726477759904 15.894472776873418
-140.12840872819768 17.29794783214407
-142.18955267879633 17.47127556833542
-144.25069662939495 16.46555169144419
-146.3118405799936 18.189113533055117
-148.37298453059222 16.242044640012473
-150.4341284811909 16.608548019142127
-152.49527243178952 18.222201094613528
-154.55641638238816 17.632989698588347
-156.61756033298678 18.04638038561352
-158.67870428358543 18.60295474649381
-160.73984823418408 19.014469383123902
-162.80099218478273 20.907541150796867
-164.86213613538135 18.037926415035187
-166.92328008598 20.47068842425897
-168.98442403657864 18.395928531459433
-171.0455679871773 17.498753918614415
-173.1067119377759 15.640279953136291
-175.16785588837456 17.120808406818533
-177.2289998389732 18.498810568671324
-179.29014378957186 19.75283985563319
-181.3512877401705 18.45002250298305
-183.41243169076913 17.54748236541804
-185.47357564136777 19.517630033178307
-187.5347195919664 18.817791987221632
-189.59586354256507 19.449975926906223
-191.6570074931637 18.97720661689575
-193.71815144376234 19.042558811080514
-195.77929539436096 18.888485777545917
-197.84043934495963 18.499565786923494
-199.90158329555825 19.285853865735483
-201.9627272461569 19.443367147765745
-204.02387119675552 18.411505516081238
-206.08501514735417 19.182841000826887
-208.14615909795282 17.613318917300617
-210.20730304855147 19.46688477243056
-212.2684469991501 18.57506134701935
-214.32959094974873 21.335674258640577
-216.39073490034738 18.95566856669634
-218.45187885094603 21.559522071757627
-220.51302280154468 22.663998507986097
-222.5741667521433 19.88460339100471
-224.63531070274195 19.886866683943747
-226.69645465334057 19.43356520379846
-228.75759860393924 17.057653280535302
-230.81874255453786 19.787289142253847
-232.8798865051365 20.851902291078083
-234.94103045573513 19.086437036580254
-237.0021744063338 18.42480994853309
-239.06331835693243 18.354329695478885
-241.12446230753108 19.209212639409323
-243.1856062581297 18.513467668807742
-245.24675020872834 17.015500389613187
-247.307894159327 19.214699225857327
-249.36903810992564 21.060847375213644
-251.43018206052426 18.020841310730408
-253.4913260111229 16.560828346392334
-255.55246996172156 19.944754621571796
