# BEGINHEADER
# This file contains data from the SALSA 2m radio telescope.
# DATE=2024-12-12T19:34:0025
# GLON and GLAT given in degrees
# GLON=89.75478878953291
# GLAT=0.02290871354060823
# DATA in two columns below. Col. 1 is velocity relative to LSR [km/s]. Col. 2 is uncalibrated antenna temperature [K].
# ENDHEADER
265.09650730457 8.253265835828664
263.0353633539714 17.064570022633692
260.97421940337273 15.174659791386102
258.9130754527741 16.320204589019657
256.8519315021755 15.39096269438478
254.79078755157684 17.125333581898765
252.72964360097816 14.556974985991193
250.66849965037954 14.035239785428173
248.6073556997809 14.728410342651891
246.54621174918228 15.816680424010766
244.4850677985836 16.585938837135288
242.42392384798495 15.226395984261286
240.36277989738633 13.391450168865262
238.30163594678768 14.693191118329734
236.24049199618906 14.435420132282497
234.1793480455904 16.14022853242196
232.11820409499177 16.684521813730814
230.05706014439312 16.153896007101878
227.9959161937945 16.656225499069944
225.93477224319585 14.858137719435486
223.8736282925972 12.534814408966234
221.81248434199856 14.846061580128257
219.75134039139994 15.266599126656942
217.6901964408013 15.272130443032523
215.62905249020264 17.64899129089177
213.567908539604 15.403586544226794
211.50676458900537 14.80979790654975
209.44562063840672 15.398680322779185
207.38447668780807 14.096884500664482
205.32333273720943 13.428659772101867
203.26218878661078 14.584891056232566
201.20104483601216 16.81872605771346
199.1399008854135 13.519170661483713
197.0787569348149 14.45810808972313
195.01761298421624 13.881538114247935
192.95646903361762 15.066317523577522
190.89532508301897 14.43897543864834
188.83418113242033 14.08070517733512
186.77303718182168 14.952944995585336
184.71189323122306 14.400746314458372
182.6507492806244 14.070687448644303
180.5896053300258 15.914892636043197
178.5284613794271 12.737561647069908
176.4673174288285 17.150824143933193
174.40617347822985 15.541054202176506
172.34502952763123 14.127483690554778
170.28388557703258 17.14266634167857
168.2227416264339 12.38662137930571
166.16159767583528 15.577619046705726
164.10045372523663 14.465533867363888
162.039309774638 15.146355815192878
159.97816582403934 14.70344191490553
157.91702187344072 12.470827871322822
155.85587792284207 15.2508513946337
153.79473397224345 15.11075001956014
151.7335900216448 14.225764407788203
149.67244607104615 11.823517136849759
147.6113021204475 13.427300667517338
145.55015816984888 15.563714888386231
143.48901421925024 14.497595413229039
141.42787026865162 14.33970528570812
139.36672631805294 14.778580258738915
137.30558236745432 12.970374548800509
135.24443841685567 13.317058941962197
133.18329446625705 15.26028335883066
131.1221505156584 12.587056381694437
129.06100656505976 14.793054350256162
126.99986261446111 16.76229768617749
124.93871866386247 13.183024524249774
122.87757471326383 15.333902735673163
120.81643076266519 14.013445679787305
118.75528681206654 14.338442925116619
116.69414286146791 12.476250578979375
114.63299891086928 11.526894807091862
112.57185496027063 12.559872044846239
110.510711009672 13.971425150809232
108.44956705907333 13.222703016641825
106.3884231084747 14.756554246294394
104.32727915787605 14.076605084979992
102.26613520727742 12.616569141964884
100.20499125667878 13.014224290735397
98.14384730608013 15.255032501900326
96.0827033554815 13.834783331380558
94.02155940488285 10.743262718019045
91.96041545428422 12.791829875345618
89.89927150368558 14.642537687602355
87.83812755308693 15.894598570919587
85.7769836024883 13.285509716956597
83.71583965188965 15.378141840653399
81.65469570129102 14.555930307913002
79.59355175069237 13.680814181300342
77.53240780009374 15.671634498699172
75.4712638494951 12.130186681069674
73.41011989889645 14.98909154993128
71.34897594829782 14.340699304458756
69.28783199769916 13.909354596875882
67.22668804710052 14.225241148402326
65.16554409650189 14.100267335827454
63.10440014590325 14.694582018964914
61.0432561953046 12.50526118382155
58.98211224470596 13.755891951604259
56.92096829410732 12.924873018048093
54.859824343508684 14.343772343657788
52.79868039291004 13.711853927116302
50.7375364423114 15.959434142925716
48.67639249171276 15.315605787080184
46.61524854111412 14.44326168888358
44.55410459051548 14.85600374608675
42.49296063991683 14.000907667854525
40.4318166893182 14.04639518565148
38.370672738719556 16.987285828198747
36.309528788120915 13.362486605240216
34.24838483752227 15.028446075903155
32.18724088692363 16.546780331598647
30.126096936324995 15.212741288413785
28.064952985726354 14.922383047934424
26.00380903512771 17.235204546765072
23.94266508452907 19.733928281202438
21.88152113393043 16.86819476544901
19.82037718333179 23.16675925607235
17.759233232733145 24.917870007877504
15.698089282134507 24.858698007724023
13.636945331535866 35.41896493659353
11.575801380937225 41.74213892823857
9.514657430338584 59.406256657231424
7.453513479739943 77.67931472848058
5.392369529141303 90.51764251740508
3.3312255785426617 101.65765202229949
1.2700816279440206 90.74934167303235
-0.7910623226546203 91.2539902392569
-2.8522062732532607 87.93546233828985
-4.913350223851902 85.09704311084191
-6.974494174450542 83.25466277769257
-9.035638125049184 81.45121503559146
-11.096782075647823 80.87876620582715
-13.157926026246463 76.24953124784611
-15.219069976845105 73.90741985736213
-17.280213927443743 71.11710045094873
-19.341357878042384 64.98675539812531
-21.40250182864103 60.972440481480966
-23.46364577923967 56.26548284696071
-25.524789729838307 54.29556363078623
-27.58593368043695 50.86444082641029
-29.64707763103559 50.4420063045963
-31.70822158163423 49.09737702677937
-33.76936553223287 53.7627748250406
-35.830509482831516 55.23616499181411
-37.89165343343016 58.996178238535066
-39.9527973840288 62.02975790266684
-42.01394133462743 62.78417796385055
-44.07508528522607 62.62993289377138
-46.136229235824715 61.486607492698404
-48.197373186423356 58.73977737674261
-50.258517137022 62.2139041497729
-52.31966108762064 61.2499381231661
-54.380805038219286 57.25215166819931
-56.44194898881792 55.33600986150277
-58.50309293941656 53.687456877709515
-60.5642368900152 51.971329282449574
-62.62538084061384 48.82132027947997
-64.68652479121249 53.449544442602644
-66.74766874181113 54.16749305564376
-68.80881269240976 55.156974659422055
-70.86995664300841 57.30865594882939
-72.93110059360704 57.612969151758044
-74.99224454420569 58.365624979931674
-77.05338849480432 56.15355127682319
-79.11453244540296 53.03187948870549
-81.1756763960016 53.74901244372691
-83.23682034660024 51.8741796594654
-85.2979642971989 47.533077354753246
-87.35910824779754 45.51042912082301
-89.42025219839618 40.40016292334966
-91.48139614899482 40.303904859113594
-93.54254009959345 42.668465594651124
-95.6036840501921 42.45193024630967
-97.66482800079073 40.1729142854409
-99.72597195138938 41.90039193752293
-101.78711590198802 33.150661295836855
-103.84825985258665 31.539506969934013
-105.9094038031853 28.572291801742843
-107.97054775378393 27.53916892487005
-110.03169170438258 27.33657041207558
-112.09283565498122 25.849183782637635
-114.15397960557986 23.79027413203557
-116.2151235561785 22.2572373639151
-118.27626750677713 21.631987082395263
-120.33741145737578 19.113084085921415
-122.39855540797441 18.913516449934573
-124.45969935857308 20.573439927138274
-126.52084330917171 17.96639177607786
-128.58198725977036 18.608252537306278
-130.64313121036898 21.234326735558856
-132.70427516096763 16.24694199808769
-134.76541911156627 19.77126878034041
-136.8265630621649 15.229450442114798
-138.88770701276354 17.552665262915394
-140.94885096336222 15.6251768619232
-143.00999491396084 19.267337734759554
-145.0711388645595 17.780963026982658
-147.1322828151581 17.287825978469527
-149.19342676575675 16.86153869938346
-151.2545707163554 17.985991388608593
-153.31571466695405 19.42156367341553
-155.37685861755267 16.050023806469383
-157.43800256815132 17.345187525360863
-159.49914651874994 18.486299553197764
-161.56029046934862 17.017018326767115
-163.62143441994724 18.981739321073928
-165.68257837054588 17.947841242225735
-167.7437223211445 19.964599581527732
-169.80486627174318 18.215241193856983
-171.8660102223418 16.312725166116582
-173.92715417294045 21.95362482267164
-175.98829812353907 18.911910226472223
-178.04944207413772 20.20648285246984
-180.1105860247364 21.241085216125622
-182.171729975335 19.23661716890639
-184.23287392593366 19.00328828689952
-186.29401787653228 19.561584430313655
-188.35516182713093 18.74276268313714
-190.41630577772958 18.45703308716514
-192.47744972832822 19.672049932501178
-194.53859367892684 18.426468362638477
-196.5997376295255 20.681330304119125
-198.66088158012414 17.74315479867269
-200.7220255307228 18.05683064726845
-202.78316948132144 19.272106731372933
-204.84431343192009 18.499022621009413
-206.9054573825187 18.55606631888746
-208.96660133311735 19.61261218204519
-211.027745283716 17.136237753326313
-213.08888923431465 17.542048416064894
-215.15003318491327 18.063894338958498
-217.21117713551192 17.56192684416129
-219.27232108611057 19.24554668294686
-221.3334650367092 17.20752207266933
-223.39460898730786 19.611160206475514
-225.45575293790648 22.306707064322367
-227.51689688850513 17.611683947779017
-229.57804083910375 20.593834345811707
-231.63918478970243 18.324674470644783
-233.70032874030105 17.16939671297128
-235.7614726908997 17.265339136285057
-237.8226166414983 20.531140151371634
-239.883760592097 19.119031480882505
-241.9449045426956 21.27408688125508
-244.00604849329426 18.70509253111588
-246.06719244389288 15.121552395163349
-248.12833639449153 17.735215942365283
-250.18948034509017 17.71462107512229
-252.25062429568882 17.06056338117669
-254.31176824628744 18.04774191419637
-256.3729121968861 18.608676828906898
-258.43405614748474 16.36821168188558
-260.4952000980834 19.5019277828356
