# BEGINHEADER
# This file contains data from the SALSA 2m radio telescope.
# DATE=2024-12-12T19:20:0018
# GLON and GLAT given in degrees
# GLON=67.37953294640798
# GLAT=0.16430594497427503
# DATA in two columns below. Col. 1 is velocity relative to LSR [km/s]. Col. 2 is uncalibrated antenna temperature [K].
# ENDHEADER
267.92206706117605 8.97126065888909
265.8609231105774 18.381748402358483
263.7997791599788 15.453349252833172
261.7386352093801 15.060657705001995
259.6774912587815 16.489914725184843
257.61634730818287 15.34475356888317
255.55520335758422 14.66949836007594
253.49405940698557 16.19541280435748
251.43291545638692 17.756708031581734
249.3717715057883 15.737994942069147
247.31062755518965 16.445001030519492
245.24948360459103 16.243116108591778
243.18833965399236 13.226145207297083
241.12719570339374 16.9871417330816
239.0660517527951 15.791646176008413
237.00490780219647 15.571579939655775
234.94376385159782 15.842377003205856
232.88261990099915 16.499915072895426
230.82147595040053 15.636353381210947
228.76033199980188 16.13733176796108
226.69918804920326 15.470977167054016
224.63804409860458 14.604628533143279
222.57690014800596 12.885029243279229
220.5157561974073 16.833544550201246
218.4546122468087 16.904915700638856
216.39346829621005 14.042072107552393
214.3323243456114 15.762509576021433
212.27118039501275 15.236929175161082
210.21003644441413 14.209701087961948
208.14889249381548 15.898565018604856
206.08774854321686 13.244351836225817
204.02660459261818 17.388986988870442
201.96546064201956 12.012034043056106
199.90431669142092 16.43499318682664
197.8431727408223 14.385563458661725
195.78202879022365 13.46112049427263
193.720884839625 13.343559949133295
191.65974088902638 14.214956831376162
189.59859693842773 13.631287390834476
187.53745298782908 13.877426120199502
185.47630903723044 16.004142056877267
183.41516508663182 14.029003627690022
181.35402113603317 13.85054155162628
179.29287718543455 15.872472600211303
177.23173323483587 14.486566344984121
175.17058928423725 12.374457471026608
173.1094453336386 13.958573841668002
171.04830138303998 15.540011444869846
168.9871574324413 16.358142414176115
166.9260134818427 15.471655395754894
164.86486953124404 15.558439200683122
162.80372558064542 16.808168105653117
160.74258163004677 15.855515742740396
158.68143767944812 14.215334786178666
156.62029372884948 15.943406893443976
154.55914977825083 13.761256861855047
152.4980058276522 13.880973269834234
150.43686187705356 16.23141552231861
148.3757179264549 13.9064272889168
146.31457397585626 13.730331592849115
144.25343002525764 16.28192430677945
142.192286074659 15.236719241038536
140.13114212406035 13.342908548931522
138.0699981734617 12.47038869823548
136.00885422286308 16.02771302233327
133.94771027226443 13.962539072883105
131.8865663216658 12.781813183626987
129.82542237106716 16.53624117953369
127.7642784204685 12.796312357310677
125.70313446986987 13.642040650530959
123.64199051927123 14.498220385802329
121.58084656867258 16.59858772384468
119.51970261807395 15.562733566271321
117.4585586674753 16.044754171331185
115.39741471687667 13.239508674990992
113.33627076627802 15.049755350003629
111.27512681567939 14.092400082756816
109.21398286508075 10.801837317442427
107.1528389144821 14.51494668796172
105.09169496388347 15.21519970428258
103.03055101328482 13.529213064855124
100.96940706268619 13.537774242909052
98.90826311208754 15.271548281635015
96.84711916148888 14.384893472260918
94.78597521089024 13.837258396198656
92.7248312602916 13.844987003177996
90.66368730969296 12.275082894430202
88.60254335909433 16.31343944763979
86.54139940849568 16.400908673281194
84.48025545789704 15.941733010219053
82.4191115072984 16.58377634926807
80.35796755669976 16.217281681638816
78.29682360610111 15.47532554353874
76.23567965550248 13.085811181966934
74.17453570490385 17.446551312957236
72.1133917543052 15.39193440821179
70.05224780370656 13.248653384558416
67.99110385310792 13.680701431172341
65.92995990250928 14.499851834044685
63.86881595191063 12.881795497500915
61.80767200131199 13.813223534162704
59.74652805071335 12.627506143225279
57.68538410011471 15.313033751132586
55.624240149516076 15.82947460066616
53.563096198917435 13.783301182206465
51.501952248318794 15.679003082029368
49.440808297720146 14.061192944749786
47.379664347121505 15.417678937527958
45.318520396522864 15.30834946329896
43.25737644592422 14.267881550419162
41.19623249532559 15.86805240582534
39.13508854472695 20.86938667998714
37.07394459412831 20.699694557055686
35.012800643529665 19.558791338105518
32.951656692931024 20.36695067305607
30.890512742332383 26.547908487614375
28.829368791733742 31.688467708772748
26.7682248411351 39.44979961240026
24.70708089053646 46.35308105530818
22.64593693993782 58.201597423731286
20.584792989339178 69.31736505110034
18.52364903874054 81.47065232238384
16.4625050881419 96.30380600329056
14.401361137543256 108.75926828696049
12.340217186944615 118.28806951515828
10.279073236345974 129.38670886893368
8.217929285747333 133.28911376532486
6.156785335148693 129.8497231069068
4.095641384550053 118.29152149378123
2.034497433951412 115.7860095197656
-0.026646516647228908 106.94697431864167
-2.0877904672458696 92.10656784688899
-4.148934417844511 80.44852865172682
-6.210078368443152 70.37005971283672
-8.271222319041792 59.992883765614046
-10.332366269640433 56.0355108687818
-12.393510220239074 52.78546641517808
-14.454654170837713 52.62641905739651
-16.515798121436355 49.116597499877756
-18.576942072034996 47.20338912412108
-20.638086022633637 45.20582068270822
-22.699229973232278 43.567037904763595
-24.76037392383092 39.84901154356339
-26.82151787442956 35.41845532620317
-28.8826618250282 34.803558423264654
-30.94380577562684 27.57221694066232
-33.00494972622548 26.628125046860802
-35.066093676824124 26.73019401464616
-37.127237627422765 23.153927846862036
-39.188381578021406 25.870041199726952
-41.24952552862004 25.423462665848902
-43.31066947921868 24.660011072862545
-45.37181342981732 27.122319091051434
-47.43295738041597 32.57633615971907
-49.49410133101461 33.01559292188304
-51.55524528161325 35.92076498168605
-53.616389232211894 42.74018620195278
-55.67753318281053 45.59052408539296
-57.73867713340917 45.92318649785404
-59.79982108400781 50.21205593665884
-61.86096503460645 60.176255705707334
-63.92210898520509 60.5782208501212
-65.98325293580373 64.48670555297484
-68.04439688640238 65.08755484851312
-70.10554083700102 65.31348066437492
-72.16668478759966 62.220117888663594
-74.2278287381983 55.79151665871657
-76.28897268879693 48.88051447797951
-78.35011663939558 40.4037676548544
-80.41126058999421 32.748303102156356
-82.47240454059286 28.6405077609478
-84.5335484911915 28.79462455358269
-86.59469244179014 26.245178918499096
-88.65583639238878 25.40850616856503
-90.71698034298741 24.10804461127186
-92.77812429358606 22.12935043966378
-94.8392682441847 21.018530222730256
-96.90041219478336 21.868004009131862
-98.96155614538199 20.04791937676165
-101.02270009598062 21.933839718891207
-103.08384404657926 21.418706225375548
-105.1449879971779 22.362242290135057
-107.20613194777654 20.131493295274332
-109.26727589837517 19.000827819611125
-111.32841984897382 21.271940044697676
-113.38956379957246 18.35063451339385
-115.4507077501711 18.309779014129052
-117.51185170076974 19.01712986825926
-119.57299565136839 17.010214209771295
-121.63413960196702 18.36927885300247
-123.69528355256566 18.037052801431322
-125.7564275031643 18.939258332259946
-127.81757145376294 19.056705279891812
-129.8787154043616 18.30270024393104
-131.93985935496025 21.081342170160568
-134.00100330555887 16.937305601431795
-136.06214725615752 17.51775327732296
-138.12329120675614 18.799381760178754
-140.18443515735478 17.96954160907197
-142.24557910795343 18.154464749447957
-144.30672305855208 16.972013703734554
-146.3678670091507 16.628148283264483
-148.42901095974935 18.16499716275668
-150.490154910348 17.32919672613064
-152.55129886094664 14.866231128829874
-154.6124428115453 17.89044006416106
-156.6735867621439 19.530088162116485
-158.73473071274256 18.613796967398045
-160.7958746633412 20.198729545915185
-162.85701861393986 17.207843909644247
-164.91816256453848 20.61634732733215
-166.97930651513713 22.389926309818676
-169.04045046573574 19.506879853192967
-171.10159441633442 18.42687157940434
-173.16273836693304 20.638479330517203
-175.2238823175317 17.28231484515247
-177.2850262681303 17.565309494743143
-179.34617021872896 16.734273051427998
-181.4073141693276 20.119945641031872
-183.46845811992625 19.33444177145116
-185.52960207052487 18.179256022815675
-187.59074602112352 19.9272189520647
-189.65188997172217 19.4011048891905
-191.71303392232082 20.512054798279756
-193.77417787291947 17.502374290694213
-195.8353218235181 17.393704745384593
-197.89646577411673 20.247979763340183
-199.95760972471538 16.63075213788386
-202.01875367531406 21.257049822335972
-204.07989762591268 18.229036839515835
-206.14104157651133 18.833903502244244
-208.20218552710995 16.51009811196512
-210.2633294777086 16.804941470603367
-212.32447342830724 19.00156141411822
-214.3856173789059 20.24915814140022
-216.4467613295045 20.695109182854228
-218.50790528010316 19.59083825575239
-220.56904923070178 18.56375674121919
-222.63019318130046 21.551823269357836
-224.69133713189908 22.008436373165512
-226.75248108249772 18.361546959467024
-228.81362503309634 19.902642263944056
-230.87476898369502 18.42381577929783
-232.93591293429367 19.353791812917304
-234.9970568848923 16.82858297610275
-237.05820083549094 19.396607759839675
-239.11934478608956 16.079819492027408
-241.18048873668823 19.69647738487729
-243.24163268728685 18.308641873102328
-245.3027766378855 18.032216915718514
-247.36392058848412 20.542830177227508
-249.42506453908277 20.44277253071425
-251.48620848968142 19.381858947524318
-253.54735244028006 19.081464482909972
-255.60849639087868 18.407924416975572
-257.6696403414773 19.221118062186804
