# BEGINHEADER
# This file contains data from the SALSA 2m radio telescope.
# DATE=2024-12-12T19:04:0018
# GLON and GLAT given in degrees
# GLON=39.81734413786224
# GLAT=0.24122608227353426
# DATA in two columns below. Col. 1 is velocity relative to LSR [km/s]. Col. 2 is uncalibrated antenna temperature [K].
# ENDHEADER
270.7253695281112 11.824330790396107
268.6642255775125 21.333875083980008
266.60308162691393 15.788677710076628
264.5419376763153 16.74335213750699
262.48079372571664 16.118677965873644
260.419649775118 17.793781945781227
258.35850582451934 15.397987055276971
256.2973618739207 16.004045954391035
254.23621792332204 17.500153113896133
252.17507397272342 21.457343081523035
250.11393002212478 18.067976931015593
248.05278607152616 16.694902544945705
245.99164212092748 18.678838965068646
243.93049817032886 14.934476804161863
241.8693542197302 17.321530607644778
239.8082102691316 16.317119946642705
237.74706631853294 18.27326012617786
235.6859223679343 16.570768389376898
233.62477841733565 16.270021263357354
231.56363446673703 15.098648185186352
229.50249051613838 15.206603694036286
227.44134656553973 14.613857923328261
225.38020261494108 16.63668026587565
223.31905866434246 20.045281197145123
221.25791471374382 18.53629897158731
219.1967707631452 16.874618874870354
217.13562681254652 16.83430192903213
215.07448286194787 15.46757541281646
213.01333891134925 15.082463656576202
210.9521949607506 16.824250891564187
208.89105101015198 16.41524023631071
206.8299070595533 15.483895947585706
204.7687631089547 14.581033502936748
202.70761915835604 17.39168528639044
200.64647520775742 16.31264844604172
198.58533125715874 16.711148127748338
196.52418730656012 15.103210316881071
194.46304335596145 15.536470557860882
192.40189940536283 17.717901543891156
190.34075545476418 16.134390769830596
188.27961150416556 19.430346457914833
186.21846755356688 14.820081773742018
184.15732360296826 16.757611954169597
182.0961796523696 17.777186069677757
180.03503570177097 18.687234680926142
177.97389175117235 16.182957447054328
175.91274780057367 17.84149075744675
173.85160384997505 15.147370730077872
171.7904598993764 17.257637526641957
169.72931594877778 17.7406318916164
167.66817199817913 15.543523353335228
165.60702804758049 17.617707069141122
163.54588409698184 16.630026097192076
161.48474014638322 15.391061502601103
159.42359619578457 18.51055332286596
157.36245224518592 16.986387949044232
155.30130829458727 14.999039787990103
153.24016434398865 15.816736836559926
151.17902039339 16.891487695025663
149.11787644279138 15.5762275447111
147.0567324921927 15.481014440801014
144.9955885415941 16.585303329048834
142.93444459099544 17.1995123307289
140.8733006403968 18.042900152462046
138.81215668979817 16.325072603764447
136.7510127391995 15.365269522503459
134.68986878860088 14.850123369727656
132.62872483800223 14.450762596382264
130.56758088740358 15.980706501764615
128.50643693680496 15.6843121156512
126.44529298620633 16.384298300666273
124.38414903560768 14.976463888406622
122.32300508500903 16.151896618812216
120.26186113441038 17.773165863826684
118.20071718381175 17.867347188190315
116.1395732332131 16.182613536455943
114.07842928261447 16.024034896656502
112.01728533201583 15.219891926720393
109.95614138141718 17.10909588295884
107.89499743081855 16.55472492104293
105.8338534802199 16.13426631312662
103.77270952962127 15.968427137158532
101.71156557902262 17.163246312721565
99.65042162842398 19.33027358134614
97.58927767782535 15.163505782405467
95.5281337272267 16.51276342960186
93.46698977662807 15.723151646154344
91.40584582602942 18.79109868929036
89.34470187543079 20.843598508032787
87.28355792483214 21.5923421191811
85.2224139742335 26.731429673709396
83.16127002363486 25.44515177997154
81.10012607303621 27.559936599634064
79.03898212243757 32.69672485548377
76.97783817183893 33.671549682774774
74.91669422124029 41.59643298557224
72.85555027064166 47.63424109820876
70.79440632004301 48.59966734493936
68.73326236944438 55.121842762656954
66.67211841884573 56.03552504982534
64.6109744682471 57.54459229875137
62.54983051764845 58.30209543228926
60.48868656704981 61.08681516047644
58.42754261645117 62.241011536504814
56.36639866585253 61.524591085095054
54.30525471525388 57.20740379592742
52.24411076465525 53.68518245760616
50.182966814056606 54.15800026796554
48.121822863457965 50.43359776099351
46.06067891285932 54.82297193997007
43.99953496226068 59.77308651367281
41.93839101166204 63.34109328779478
39.8772470610634 63.87690180146554
37.816103110464766 67.56009791192871
35.754959159866125 67.48058391897744
33.69381520926748 67.46638457479317
31.63267125866884 69.54370079914304
29.571527308070195 68.17175589600923
27.510383357471557 67.94385517336688
25.449239406872916 63.041590933054984
23.388095456274275 62.539941808136746
21.32695150567563 58.7870376260304
19.265807555076993 61.251484147235566
17.204663604478352 58.99994782207442
15.143519653879713 56.380870537384986
13.08237570328107 59.442662222828986
11.02123175268243 59.246558283001605
8.96008780208379 64.34702261486038
6.898943851485148 60.83014706265952
4.837799900886508 62.6617682741988
2.7766559502878674 54.6719340111395
0.7155119996892266 47.86981008029766
-1.3456319509094141 36.91329207273372
-3.4067759015080545 32.348490331835464
-5.467919852106696 30.022507493127932
-7.529063802705337 25.81720026704712
-9.590207753303977 27.031583292732297
-11.65135170390262 26.62289308849179
-13.712495654501259 28.761940254108325
-15.7736396050999 27.64400121740362
-17.834783555698543 26.150409339803478
-19.895927506297184 27.501727031584846
-21.95707145689582 28.769041743180754
-24.018215407494463 28.724739299384677
-26.079359358093104 27.313132374187358
-28.140503308691745 32.96011561770746
-30.201647259290386 33.93378842531563
-32.26279120988903 35.71631754378905
-34.323935160487665 38.733391219141836
-36.385079111086306 35.98622696562717
-38.44622306168495 40.56790337353334
-40.50736701228359 38.83557169611209
-42.568510962882236 37.37769870343181
-44.62965491348087 40.34029510107293
-46.69079886407951 35.7768758367797
-48.75194281467815 37.750397979753544
-50.81308676527679 38.4289712044789
-52.874230715875434 36.217944172252
-54.935374666474075 37.024378339606216
-56.99651861707272 36.0315810238202
-59.05766256767135 36.688058033015764
-61.11880651826999 32.01009554347145
-63.17995046886864 29.62726476297119
-65.24109441946727 28.105376033948165
-67.30223837006591 25.66319227550277
-69.36338232066456 25.483900189023014
-71.4245262712632 24.35017780427857
-73.48567022186185 20.480638353791115
-75.54681417246049 21.213572766809662
-77.60795812305913 22.35707923107557
-79.66910207365777 20.74233604341195
-81.7302460242564 18.91016852731376
-83.79138997485505 21.563366208788665
-85.85253392545368 20.187246732464157
-87.91367787605233 20.306932792113415
-89.97482182665097 17.511509291976793
-92.03596577724961 18.098862878268076
-94.09710972784825 17.730127415373357
-96.15825367844688 18.854901304128276
-98.21939762904553 20.80727194811696
-100.28054157964417 20.038011958308964
-102.34168553024281 16.769958741537184
-104.40282948084145 21.362570196091436
-106.4639734314401 21.597045424293473
-108.52511738203873 20.049185156794795
-110.58626133263738 18.46116850548238
-112.64740528323603 18.146399651158493
-114.70854923383466 19.188885083860853
-116.76969318443331 20.660433915688937
-118.83083713503194 22.3399673299101
-120.89198108563058 18.603026881156964
-122.95312503622922 18.046319110573386
-125.01426898682786 20.956293176192027
-127.0754129374265 18.788635744987193
-129.13655688802515 17.45210407472492
-131.19770083862377 19.089494275980936
-133.25884478922245 22.318442561629077
-135.31998873982107 21.55550162964702
-137.38113269041972 18.73884944167101
-139.44227664101834 19.62099925466039
-141.503420591617 19.012908866359716
-143.56456454221563 21.942571000006488
-145.62570849281428 19.484467100700705
-147.6868524434129 18.558267482757362
-149.74799639401155 20.474174610530994
-151.80914034461017 19.86907758710134
-153.87028429520885 21.532723972374498
-155.93142824580747 24.362417865409395
-157.99257219640612 19.83713649286735
-160.05371614700474 22.508815797690474
-162.11486009760338 23.376571087076634
-164.17600404820203 21.66406878223217
-166.23714799880068 21.252658200327964
-168.29829194939933 20.76458291217638
-170.35943589999795 17.82812144816762
-172.42057985059662 21.65893446859139
-174.48172380119524 21.07777773546387
-176.5428677517939 19.514834487354772
-178.6040117023925 20.697412347492875
-180.66515565299116 21.393158756702725
-182.7262996035898 22.930143230495105
-184.78744355418846 22.48058105715437
-186.84858750478708 24.98472407706544
-188.90973145538572 20.913185942734486
-190.97087540598434 22.32860457621582
-193.03201935658302 22.130118098090204
-195.09316330718164 21.288909442950636
-197.1543072577803 23.028551712242095
-199.2154512083789 19.85610408947235
-201.27659515897756 23.6171415109073
-203.33773910957618 25.405036823393633
-205.39888306017482 20.509583634986875
-207.46002701077344 23.654985899357772
-209.52117096137212 21.381013857235864
-211.58231491197077 19.68690895886225
-213.6434588625694 22.742826892692438
-215.70460281316804 24.525338860258586
-217.76574676376666 22.202661847552598
-219.82689071436533 24.49421762021109
-221.88803466496395 24.557414483522702
-223.9491786155626 22.991048687910816
-226.01032256616122 23.92512985485551
-228.0714665167599 23.99070131288595
-230.13261046735852 22.057678538457015
-232.19375441795717 21.22144590821981
-234.25489836855579 21.163873085253144
-236.31604231915443 23.265303318647977
-238.37718626975308 22.32372800584895
-240.43833022035173 20.857036733186924
-242.49947417095035 21.731991907973935
-244.560618121549 20.2690626548388
-246.62176207214762 20.985884480416686
-248.6829060227463 25.674858108526884
-250.74404997334494 20.501480114816463
-252.80519392394356 18.443456909275056
-254.8663378745422 21.983259177126524
