# BEGINHEADER
# This file contains data from the SALSA 2m radio telescope.
# DATE=2024-12-12T19:18:0058
# GLON and GLAT given in degrees
# GLON=64.8857779706896
# GLAT=0.12746934685190014
# DATA in two columns below. Col. 1 is velocity relative to LSR [km/s]. Col. 2 is uncalibrated antenna temperature [K].
# ENDHEADER
268.18706197627995 9.407395459059796
266.1259180256813 18.41962856628109
264.0647740750827 17.97997849707772
262.003630124484 17.98221645551673
259.9424861738854 14.045640053351823
257.88134222328677 15.914853375566627
255.82019827268812 18.44905490534432
253.75905432208947 16.15728598536053
251.69791037149082 15.996216015367004
249.63676642089217 14.093686511792406
247.57562247029355 17.48526194326399
245.5144785196949 16.49023825497437
243.45333456909628 16.430157706386165
241.3921906184976 15.507887418226456
239.331046667899 13.962506476380447
237.26990271730034 17.48853844584352
235.20875876670172 15.762548478316877
233.14761481610307 13.613333687678171
231.08647086550442 14.475825238024488
229.02532691490578 16.24639787872106
226.96418296430716 16.098796930813837
224.9030390137085 16.490779245567968
222.84189506310986 13.871743429232005
220.7807511125112 15.761825416910158
218.71960716191256 13.936153179781181
216.65846321131394 15.910731159510823
214.5973192607153 16.475353277415945
212.53617531011665 16.45846243586366
210.475031359518 17.730313158326236
208.41388740891938 17.342648863637475
206.35274345832073 14.786394206103772
204.2915995077221 12.507297755619264
202.23045555712343 15.064834960392236
200.16931160652481 16.042785252078676
198.1081676559262 14.211887074095673
196.04702370532755 15.294864401560925
193.9858797547289 15.2947865597281
191.92473580413028 16.550503342877708
189.86359185353163 15.242547232061286
187.802447902933 17.5379360889788
185.74130395233433 17.061309580412576
183.68016000173571 14.634147540092686
181.61901605113707 15.860579714621666
179.55787210053842 12.948780944281387
177.4967281499398 14.819602910889182
175.43558419934112 16.73852604507403
173.3744402487425 13.76600412291865
171.31329629814385 16.081629179719105
169.25215234754523 15.268131965172634
167.19100839694656 14.714976291778681
165.12986444634794 16.52779219493078
163.0687204957493 16.743139777816214
161.00757654515067 18.45480857321587
158.94643259455202 13.012071711998802
156.88528864395337 14.875573554882447
154.82414469335473 14.91668317209003
152.7630007427561 14.617398241518782
150.70185679215746 15.618532732891152
148.64071284155884 13.576523325146626
146.57956889096016 13.95138721927572
144.51842494036154 16.752476373369365
142.4572809897629 17.009706475702117
140.39613703916424 14.247855068622622
138.3349930885656 15.438133542829986
136.27384913796695 15.265201324547665
134.21270518736833 15.438705904814913
132.15156123676968 16.118575155516176
130.09041728617103 14.059991738508778
128.0292733355724 15.35016029868679
125.96812938497376 14.988433330036278
123.90698543437513 15.101991626163349
121.8458414837765 16.9430559433203
119.78469753317783 12.3860207534922
117.7235535825792 14.933805711507514
115.66240963198055 14.258666039824607
113.60126568138192 12.996793785233196
111.54012173078327 14.199953376417453
109.47897778018464 14.680047035937646
107.417833829586 14.852363379069864
105.35668987898735 14.05591401138435
103.29554592838872 15.573237973894146
101.23440197779007 15.729210876421718
99.17325802719144 13.11047832480792
97.11211407659279 13.864709139334064
95.05097012599416 14.851906105370158
92.98982617539552 15.668435264269274
90.92868222479687 13.97509060823544
88.86753827419824 14.919043055477232
86.80639432359959 15.876292236067458
84.74525037300096 16.304723323548867
82.6841064224023 15.97352464066033
80.62296247180366 14.78259746353192
78.56181852120503 12.968770733994146
76.50067457060638 15.765888673803051
74.43953062000774 12.502932645774916
72.3783866694091 15.154442303510288
70.31724271881046 15.786026390444153
68.25609876821181 18.69806316620843
66.19495481761318 14.095700084334062
64.13381086701455 16.766543730174128
62.0726669164159 18.745021786830954
60.011522965817264 17.04756987577719
57.95037901521862 15.18270692000973
55.88923506461998 13.432485611878473
53.82809111402133 12.837633620863215
51.76694716342269 16.22048046355613
49.70580321282405 15.126693144706284
47.64465926222541 16.5514392340297
45.58351531162677 18.933154973224358
43.52237136102813 20.09543447187589
41.46122741042949 21.158757083899165
39.400083459830846 21.238955809762928
37.338939509232205 22.894077272948667
35.27779555863357 27.25318277726731
33.21665160803492 31.155288212373033
31.155507657436285 36.47570945553511
29.09436370683764 45.35123335809728
27.033219756239 53.20233135591877
24.972075805640362 61.77324173252047
22.91093185504172 74.780588137303
20.84978790444308 85.79634639074541
18.78864395384444 96.2644891170135
16.727500003245797 105.4947275619374
14.666356052647156 111.2343666296249
12.605212102048515 119.01855194860072
10.544068151449876 124.35919326448919
8.482924200851233 128.8386247151875
6.421780250252594 122.89584333648226
4.360636299653953 109.64746023965718
2.2994923490553125 105.9666375570506
0.2383483984566715 91.87314497877946
-1.8227955521419692 77.70509392153407
-3.88393950274061 69.37952878769512
-5.945083453339251 65.21957732140237
-8.006227403937892 61.80414994101212
-10.067371354536531 54.3772089452104
-12.128515305135174 51.55842520376811
-14.189659255733813 50.84777961498518
-16.250803206332456 46.11625608737058
-18.311947156931097 45.013330510366416
-20.37309110752974 41.841299413192985
-22.434235058128376 36.131257658724394
-24.495379008727017 36.01610876110133
-26.556522959325658 31.58257759839455
-28.617666909924303 27.81418594086049
-30.67881086052294 28.129764241883148
-32.739954811121585 27.214416883303944
-34.80109876172022 26.29795267030898
-36.86224271231886 26.271643432136177
-38.9233866629175 23.8900098730157
-40.98453061351614 25.00572517969712
-43.04567456411479 26.907370835814707
-45.10681851471343 30.56415831928907
-47.167962465312065 30.477309514122442
-49.22910641591071 31.217360334554677
-51.29025036650934 36.30225821171108
-53.35139431710798 40.70332907208227
-55.41253826770662 41.59349861506966
-57.473682218305264 47.88639661888539
-59.534826168903905 51.46944070512525
-61.595970119502546 58.665705279876754
-63.65711407010119 63.02358244254664
-65.71825802069982 62.731374920028095
-67.77940197129847 65.23884181803295
-69.8405459218971 62.80534126506869
-71.90168987249574 59.086092903705506
-73.9628338230944 52.94260341016675
-76.02397777369303 46.917809297948814
-78.08512172429168 41.75630620448702
-80.14626567489032 37.27994414192072
-82.20740962548896 33.83780412394854
-84.2685535760876 29.028929156614375
-86.32969752668623 27.549124186321553
-88.39084147728488 27.7840099878631
-90.45198542788351 23.908264995001144
-92.51312937848216 25.891933915957775
-94.5742733290808 22.22291639589316
-96.63541727967944 20.909964484856282
-98.69656123027808 21.461718554933576
-100.75770518087671 20.79441085157599
-102.81884913147536 21.278577969522843
-104.879993082074 19.79701005547015
-106.94113703267264 20.715612091832888
-109.00228098327128 20.13449264245063
-111.06342493386994 18.58958926776448
-113.12456888446857 17.661298890599134
-115.1857128350672 17.220186242501242
-117.24685678566586 18.04134976566099
-119.30800073626449 18.65696179897619
-121.36914468686314 17.958151074321112
-123.43028863746177 18.02893561476679
-125.49143258806042 16.704239416188113
-127.55257653865905 17.320265288558186
-129.61372048925767 17.59444266731322
-131.67486443985632 18.613807059874077
-133.736008390455 18.372951303415498
-135.79715234105362 18.327981312702384
-137.85829629165227 15.733286669491363
-139.9194402422509 15.028521851187968
-141.98058419284953 19.753273119882287
-144.04172814344818 19.158746989574766
-146.10287209404683 20.693997947400685
-148.16401604464545 19.504705857129917
-150.2251599952441 17.797782019892285
-152.28630394584275 17.478687601585
-154.3474478964414 18.25167774034811
-156.40859184704001 18.914545908197066
-158.46973579763866 18.190124501986798
-160.53087974823728 19.323168633009473
-162.59202369883596 17.811219183381187
-164.65316764943458 19.66496386731665
-166.71431160003323 17.29778043581427
-168.77545555063185 17.297574776729917
-170.8365995012305 17.05935044751741
-172.89774345182917 17.006748334088627
-174.9588874024278 20.675492118751585
-177.02003135302644 20.58355927418425
-179.08117530362506 20.28620852390745
-181.1423192542237 20.47681144133872
-183.20346320482236 19.62050174220497
-185.264607155421 17.449838526846936
-187.32575110601962 19.920077165973524
-189.38689505661827 16.811748542974204
-191.44803900721692 17.821821896773017
-193.50918295781557 17.282134961751144
-195.5703269084142 20.18476781839406
-197.63147085901284 18.888716007731357
-199.69261480961148 20.35361264143068
-201.75375876021013 20.965012531911306
-203.81490271080878 22.153201686262666
-205.87604666140743 18.878713023198873
-207.93719061200608 17.402953203237175
-209.9983345626047 19.81570563818899
-212.05947851320335 21.107990788644617
-214.120622463802 16.26447705605649
-216.18176641440064 21.026983469819367
-218.24291036499926 20.25295600521324
-220.3040543155979 16.47540849622649
-222.36519826619656 20.188389135041714
-224.4263422167952 19.20302720384576
-226.48748616739383 19.224255313951215
-228.54863011799247 20.911949282814174
-230.6097740685911 19.795948721174277
-232.67091801918977 18.28416401093707
-234.7320619697884 20.065322167612024
-236.79320592038704 21.343825209086205
-238.85434987098566 19.645493315478557
-240.9154938215843 19.691473648264633
-242.97663777218295 19.498490450578387
-245.0377817227816 19.314952482512368
-247.09892567338025 18.106652454712727
-249.16006962397887 18.680854837582263
-251.22121357457752 22.220738923953917
-253.28235752517617 22.360522584160556
-255.34350147577481 16.56873164173912
-257.40464542637346 18.022209936042085
