# BEGINHEADER
# This file contains data from the SALSA 2m radio telescope.
# DATE=2024-12-12T19:24:0032
# GLON and GLAT given in degrees
# GLON=74.97245472326811
# GLAT=0.08486474329856562
# DATA in two columns below. Col. 1 is velocity relative to LSR [km/s]. Col. 2 is uncalibrated antenna temperature [K].
# ENDHEADER
266.97219274524537 9.122144983066473
264.9110487946467 16.430778191932767
262.84990484404807 15.764704705395573
260.7887608934494 17.90837224821919
258.7276169428508 15.252706237956486
256.6664729922522 15.997856754204399
254.60532904165353 17.1952483242727
252.54418509105489 14.974388576811108
250.48304114045624 12.84903574562626
248.4218971898576 17.427159648487184
246.36075323925894 16.037354537220274
244.29960928866032 12.901813621062571
242.23846533806164 16.55753630892598
240.17732138746302 13.207043529133646
238.11617743686438 14.387961712935654
236.05503348626576 14.656284510029488
233.9938895356671 13.726293931496013
231.93274558506846 12.18054943875405
229.8716016344698 15.714028751201546
227.8104576838712 16.14158891155009
225.74931373327254 13.413848101526838
223.68816978267392 12.317231454495596
221.62702583207525 15.896020229237992
219.56588188147663 14.740468519641762
217.50473793087798 12.864668077462348
215.44359398027936 14.19979893709906
213.3824500296807 15.660025560937928
211.32130607908206 15.084569811824279
209.26016212848342 15.181990719871678
207.19901817788477 13.000597859913832
205.13787422728615 12.697310125600303
203.07673027668747 14.095497578144304
201.01558632608885 13.611249176343263
198.9544423754902 12.332236247516951
196.89329842489158 11.215047185916477
194.83215447429293 12.414685200598694
192.7710105236943 12.758364770553813
190.70986657309564 14.009590864677474
188.64872262249702 14.93920948932671
186.58757867189837 14.304533034496624
184.52643472129975 13.372011405988001
182.46529077070107 13.89053269300243
180.40414682010245 14.107790044684444
178.3430028695038 14.523570199008493
176.2818589189052 14.834275240662834
174.2207149683065 12.943686882634406
172.1595710177079 14.497404359017077
170.09842706710924 14.251089167997815
168.0372831165106 13.771862434908442
165.97613916591197 15.449708733657165
163.9149952153133 12.93188937757028
161.85385126471468 13.736278509242547
159.79270731411603 15.754828377659585
157.7315633635174 13.756720415984338
155.67041941291876 14.348558115308734
153.6092754623201 13.683076548482786
151.54813151172146 14.434786313366864
149.48698756112285 14.024768142801241
147.4258436105242 13.949864499939725
145.36469965992555 12.306404761527547
143.3035557093269 12.755648917724573
141.24241175872828 14.502403749083532
139.18126780812963 12.918257437792652
137.120123857531 13.264258200349715
135.05897990693234 12.700616812100023
132.99783595633372 12.218366892985532
130.93669200573507 11.589393838806258
128.87554805513642 13.109229741715218
126.81440410453779 15.472112652153255
124.75326015393915 12.390882028576005
122.6921162033405 14.946433880165845
120.63097225274187 12.47108963684647
118.56982830214322 14.461746787515594
116.50868435154459 12.122499217840701
114.44754040094595 11.607296379530077
112.3863964503473 13.01831083952884
110.32525249974866 13.271817464299476
108.26410854915001 11.82386447768341
106.20296459855138 13.953704002204995
104.14182064795273 13.872491632339127
102.0806766973541 13.647041301480527
100.01953274675546 11.23704588367634
97.95838879615681 14.795537426344444
95.89724484555818 13.126155909974205
93.83610089495953 13.145455882395604
91.7749569443609 14.733415699864858
89.71381299376226 11.948494800532963
87.65266904316361 15.004826309418739
85.59152509256498 16.60936135153313
83.53038114196633 15.969465271668964
81.4692371913677 15.033089281892561
79.40809324076905 15.410993200713389
77.34694929017041 13.726557392437003
75.28580533957178 12.136292523167453
73.22466138897312 12.125987485379918
71.16351743837448 10.853589506375984
69.10237348777584 10.818532102707064
67.0412295371772 15.021655516580442
64.98008558657857 14.669689752433403
62.91894163597992 12.461841938690096
60.85779768538128 13.61007616851662
58.79665373478264 11.87442108225628
56.735509784183996 13.505218746817631
54.67436583358536 12.442537934670737
52.61322188298672 14.52883159035854
50.55207793238808 13.369314062525088
48.49093398178944 14.20142760450656
46.4297900311908 17.17910381089065
44.36864608059215 15.353520160279952
42.30750212999351 15.64719601712488
40.246358179394875 15.282904848214644
38.185214228796234 16.286705695008106
36.12407027819759 12.022696456390992
34.06292632759895 17.12491180666651
32.00178237700031 17.118143353507307
29.940638426401673 19.45210707620535
27.87949447580303 23.461768698280387
25.818350525204387 25.554392819038267
23.757206574605746 28.94410459607078
21.696062624007105 36.17642188740897
19.63491867340846 45.06467435234943
17.573774722809823 59.53621975673415
15.512630772211182 78.4859283367896
13.451486821612542 95.70342122551936
11.390342871013901 110.26217425239359
9.329198920415262 124.54817856494715
7.26805496981662 130.7225816758633
5.206911019217979 133.46658262908613
3.145767068619338 123.26297520148788
1.084623118020697 128.2145588496898
-0.9765208325779435 130.29258428250256
-3.0376647831765844 121.41383107767145
-5.0988087337752255 113.83594865955088
-7.159952684373865 100.92819505229507
-9.221096634972506 87.48620984771144
-11.282240585571147 73.56478826810213
-13.34338453616979 68.27840337286703
-15.40452848676843 58.7633083781639
-17.46567243736707 55.890610838909744
-19.526816387965713 53.476158248740745
-21.587960338564354 53.07658533546024
-23.64910428916299 51.167404657098004
-25.71024823976163 51.81386016932261
-27.77139219036027 51.4545170383898
-29.832536140958915 53.33824426437071
-31.893680091557552 51.7572556183212
-33.9548240421562 46.70164767293487
-36.01596799275484 47.23001474497914
-38.07711194335348 41.660103155955525
-40.13825589395212 38.91579312103339
-42.199399844550754 40.00813123939747
-44.260543795149395 39.442661460902045
-46.32168774574804 37.27104552885597
-48.38283169634668 36.94305474864774
-50.44397564694532 36.874333229863495
-52.50511959754397 38.607449817301735
-54.56626354814261 39.503790264383554
-56.62740749874124 41.207966735090885
-58.68855144933988 44.03527974519039
-60.749695399938524 45.841804498478595
-62.810839350537165 47.28270255513907
-64.87198330113581 50.75358482801407
-66.93312725173445 53.3222329601756
-68.99427120233308 52.1817152075629
-71.05541515293173 55.61622135586283
-73.11655910353036 59.47383742612727
-75.17770305412901 57.58938305881324
-77.23884700472765 56.88021218007241
-79.29999095532628 53.30613627618186
-81.36113490592494 48.560280738726725
-83.42227885652358 46.71354730375346
-85.48342280712222 38.561004590565155
-87.54456675772086 34.674969958535236
-89.6057107083195 31.204616946672616
-91.66685465891814 26.46484286366227
-93.72799860951677 23.91393298773718
-95.78914256011542 21.72495156991318
-97.85028651071406 22.008048093683325
-99.9114304613127 18.71407305271207
-101.97257441191134 18.56209917051846
-104.03371836250997 19.465108775920353
-106.09486231310862 21.92057747185878
-108.15600626370725 19.98346763738657
-110.2171502143059 21.424034643674634
-112.27829416490454 21.373713529732946
-114.33943811550319 19.164712355903966
-116.40058206610182 18.710641834208285
-118.46172601670045 18.68953596086694
-120.52286996729912 17.733827981932624
-122.58401391789775 17.395418744169618
-124.6451578684964 17.299880601204837
-126.70630181909503 17.11721049163986
-128.76744576969367 19.072774687143056
-130.8285897202923 17.707005221351807
-132.88973367089093 15.693806588608862
-134.95087762148958 16.841962103438604
-137.01202157208823 17.07916691421913
-139.07316552268688 17.244686803378524
-141.13430947328553 18.82008028969724
-143.19545342388415 18.815806298699727
-145.2565973744828 15.816521196960066
-147.31774132508144 15.207286071929985
-149.3788852756801 15.299153370369359
-151.4400292262787 16.483611769673658
-153.50117317687736 18.284958659666028
-155.562317127476 15.126998139553287
-157.62346107807466 19.081266718543038
-159.68460502867327 18.613669963349842
-161.74574897927192 16.29207404019881
-163.80689292987054 16.85383926867758
-165.86803688046922 17.275769646725827
-167.92918083106784 18.519107489623497
-169.9903247816665 17.19422185765375
-172.0514687322651 18.760331515277855
-174.11261268286376 18.665954427220385
-176.1737566334624 18.40156947337834
-178.23490058406105 17.943330968768848
-180.2960445346597 17.882122038857016
-182.35718848525832 19.87430464198772
-184.418332435857 18.47437027739432
-186.47947638645562 17.365974519025375
-188.54062033705426 19.199124880588005
-190.60176428765288 19.190119204279018
-192.66290823825153 16.97919253530549
-194.72405218885018 18.897846625721538
-196.78519613944883 15.514743398408585
-198.84634009004745 20.911018314315896
-200.9074840406461 20.302716056109503
-202.96862799124472 18.777379821514533
-205.0297719418434 16.95293656218773
-207.090915892442 17.631844423327586
-209.15205984304066 18.46258969071485
-211.21320379363928 18.360565579779305
-213.27434774423796 18.602509009944374
-215.33549169483658 17.68694444007445
-217.39663564543523 17.182124040057655
-219.45777959603387 18.44868347277483
-221.5189235466325 19.064089369555855
-223.58006749723117 20.1386365452909
-225.6412114478298 19.750245814170864
-227.70235539842844 18.23023206421753
-229.76349934902706 17.561197372393707
-231.8246432996257 20.546250308460998
-233.88578725022435 20.02439783494013
-235.946931200823 21.04349160735166
-238.00807515142162 18.26611461850485
-240.06921910202027 18.165168789905646
-242.1303630526189 20.331158786361726
-244.19150700321757 18.205955626603668
-246.2526509538162 21.30613415947779
-248.31379490441483 17.408978255874015
-250.37493885501345 16.302798699510532
-252.43608280561213 16.257855144142493
-254.49722675621075 16.501450415943584
-256.5583707068094 18.43355096078306
-258.61951465740805 18.207774576781656
