# BEGINHEADER
# This file contains data from the SALSA 2m radio telescope.
# DATE=2024-12-12T19:12:0026
# GLON and GLAT given in degrees
# GLON=52.46122303260027
# GLAT=0.19154593724834704
# DATA in two columns below. Col. 1 is velocity relative to LSR [km/s]. Col. 2 is uncalibrated antenna temperature [K].
# ENDHEADER
269.5553459888279 8.787391959872211
267.49420203822933 18.45073315085404
265.4330580876307 17.932901378660134
263.37191413703204 17.488407437294008
261.3107701864334 15.541481355380581
259.24962623583474 13.802734841650203
257.18848228523615 14.34832576559491
255.12733833463747 16.209869736185325
253.06619438403882 14.24724260538239
251.0050504334402 14.368121339031903
248.94390648284156 17.52621229069105
246.88276253224294 14.259968344618397
244.82161858164426 13.143512203310888
242.76047463104564 14.904131652798272
240.699330680447 14.419813837587059
238.63818672984837 14.097139310239333
236.5770427792497 13.558533797541038
234.51589882865107 14.166050981622192
232.45475487805243 12.398920130035199
230.3936109274538 14.885649897190634
228.33246697685516 13.363288598911229
226.27132302625648 16.19311948043569
224.21017907565786 14.23604065209387
222.1490351250592 16.20481831849342
220.0878911744606 15.746680122207984
218.02674722386195 12.278807953831004
215.9656032732633 14.60954964901068
213.90445932266465 14.498873980003763
211.84331537206603 15.096652980712966
209.78217142146738 14.85483493665959
207.72102747086876 15.707800507267939
205.65988352027009 13.73618306639313
203.59873956967147 13.327347662210546
201.53759561907282 16.161622452438596
199.4764516684742 13.062388987347937
197.41530771787555 14.847537388750148
195.35416376727693 14.421724457850672
193.29301981667828 14.989524138018979
191.23187586607966 13.377330031508237
189.17073191548099 13.517006257757437
187.10958796488234 11.699325120415258
185.04844401428372 12.762720421252144
182.98730006368507 17.188606917221755
180.92615611308645 15.345689247176427
178.86501216248777 15.971351681019241
176.80386821188915 16.73976648082041
174.7427242612905 12.207207652412265
172.68158031069188 13.612932191625516
170.6204363600932 15.63506697026855
168.5592924094946 14.691386665897838
166.49814845889594 14.338935335539123
164.43700450829732 14.637261522524176
162.37586055769867 12.784186031752709
160.31471660710002 13.632555936275756
158.25357265650138 14.150103004047907
156.19242870590276 16.03690217545001
154.1312847553041 12.404268796240261
152.0701408047055 14.475950721561812
150.0089968541068 15.205787268479941
147.94785290350816 15.437444314017299
145.88670895290954 12.847553872839807
143.8255650023109 13.534911405262292
141.76442105171225 14.671875746262272
139.7032771011136 14.373756403132704
137.64213315051498 17.19458319372074
135.58098919991633 14.41582046077673
133.5198452493177 15.810445999320851
131.45870129871903 14.998387282116381
129.39755734812042 15.426431260116647
127.33641339752177 14.604236744499383
125.27526944692313 13.72926235085712
123.21412549632448 15.150775844649178
121.15298154572585 14.102018662394924
119.0918375951272 13.995676515354967
117.03069364452857 12.337715105350556
114.96954969392992 14.142328383247593
112.90840574333129 12.101074510499016
110.84726179273265 14.326668721872476
108.786117842134 11.647872475694635
106.72497389153537 15.285657532143961
104.66382994093672 15.929433349522135
102.60268599033809 14.39676497381152
100.54154203973944 13.041365475674448
98.4803980891408 15.941783310371122
96.41925413854217 14.072016950185883
94.35811018794352 12.25671529222582
92.29696623734489 14.517720200086577
90.23582228674623 14.535655727249825
88.1746783361476 15.724643544672531
86.11353438554895 13.04143188529803
84.05239043495031 14.973610177378355
81.99124648435168 15.281508634090846
79.93010253375303 12.818235771999442
77.8689585831544 15.910301667194432
75.80781463255575 15.549570060882493
73.74667068195711 17.646880728310514
71.68552673135846 18.84990794147885
69.62438278075983 22.417318281948035
67.5632388301612 24.81852654522113
65.50209487956255 30.870594603468945
63.440950928963915 35.02521187239988
61.379806978365266 37.87573280369714
59.318663027766625 42.689783759810936
57.257519077167984 47.53229801219597
55.19637512656934 53.50177087107859
53.1352311759707 57.55504721230788
51.07408722537206 63.49108320000386
49.01294327477343 65.00979920452106
46.951799324174786 70.26421266151243
44.890655373576145 70.71883719123524
42.8295114229775 75.82130744551533
40.768367472378856 72.81810076170103
38.707223521780215 71.96269071401255
36.64607957118157 74.21473574645772
34.58493562058294 70.84488859091917
32.5237916699843 72.98653569539871
30.462647719385657 68.99838366129204
28.401503768787013 72.26540621176545
26.34035981818837 73.75084350173829
24.27921586758973 76.31802839849536
22.21807191699109 79.56467359516039
20.156927966392452 77.5808708516031
18.095784015793807 75.95138572026298
16.034640065195166 71.95621313439892
13.973496114596527 80.78632041626653
11.912352163997886 87.62485894810897
9.851208213399246 96.40401306146651
7.790064262800605 91.00159765789597
5.728920312201964 82.11168094686968
3.6677763616033237 81.872477522258
1.6066324110046826 71.87217826369438
-0.45451153959395807 63.84524617748385
-2.5156554901925987 54.2998712992431
-4.576799440791239 47.385955469800045
-6.63794339138988 45.32488895852784
-8.699087341988522 39.013985013296754
-10.76023129258716 33.02424557795508
-12.821375243185804 30.842543884411846
-14.882519193784445 30.24337902505495
-16.943663144383084 25.36449802344919
-19.00480709498173 24.389270283170003
-21.065951045580366 25.253546214977934
-23.127094996179007 22.896766636221866
-25.188238946777645 23.98260695406074
-27.249382897376286 25.487266515451378
-29.31052684797493 25.693376579711042
-31.371670798573568 27.59356435725504
-33.4328147491722 28.922858897827307
-35.49395869977085 31.29748614568689
-37.55510265036949 31.207025093914176
-39.61624660096813 34.14538387410213
-41.67739055156677 35.10703053702757
-43.738534502165415 36.61281908254106
-45.799678452764056 38.500448612088576
-47.86082240336269 43.518982822354616
-49.92196635396133 45.816507398533844
-51.98311030455997 43.45818338078917
-54.04425425515862 45.34804721386394
-56.10539820575726 43.10193690701521
-58.1665421563559 42.614447242849835
-60.22768610695454 44.25224097722301
-62.28883005755318 41.79841419069518
-64.34997400815182 39.98487574241363
-66.41111795875047 32.0915099484727
-68.4722619093491 31.390912768652843
-70.53340585994775 31.502035125726984
-72.59454981054638 28.223030554886588
-74.65569376114503 27.155137930373535
-76.71683771174366 25.99252233938092
-78.77798166234231 27.15935653746183
-80.83912561294095 24.372435448955727
-82.90026956353958 24.055833333383564
-84.96141351413823 20.78962811901162
-87.02255746473686 20.809319474941628
-89.08370141533551 20.629119536107982
-91.14484536593415 23.045662866236587
-93.2059893165328 19.360670373714555
-95.26713326713143 17.796477677833774
-97.32827721773006 16.896113150278843
-99.38942116832871 18.840202055654157
-101.45056511892734 16.79443617639074
-103.511709069526 16.222914836663023
-105.57285302012464 16.126636934783587
-107.63399697072329 15.686246922395501
-109.69514092132192 17.014224856741652
-111.75628487192056 16.32342438550672
-113.8174288225192 18.031407192399186
-115.87857277311784 16.61361285161175
-117.93971672371649 17.67480878544261
-120.00086067431512 16.363820452944292
-122.06200462491377 19.470791218390815
-124.1231485755124 19.75503176321826
-126.18429252611104 18.00487086072851
-128.2454364767097 18.604622982553582
-130.30658042730832 16.412578113318627
-132.36772437790697 18.109464255489854
-134.42886832850562 17.970958949450917
-136.49001227910423 18.772893874579275
-138.55115622970288 18.601660439573482
-140.61230018030153 17.78910132534073
-142.67344413090018 18.564017214200586
-144.7345880814988 17.830655023344328
-146.79573203209745 17.622332234221922
-148.8568759826961 18.827761626729746
-150.91801993329474 19.368057445009917
-152.97916388389336 17.439970784040245
-155.040307834492 18.19127442923598
-157.10145178509063 18.008885208232982
-159.1625957356893 19.40937145262525
-161.22373968628796 17.88275358777168
-163.28488363688658 19.90318746293737
-165.34602758748522 21.39453294549146
-167.40717153808384 18.422954053197476
-169.46831548868252 20.66957287774691
-171.52945943928114 18.384910070735817
-173.5906033898798 18.963037073445054
-175.6517473404784 19.91050638756905
-177.71289129107709 18.48790132170215
-179.7740352416757 17.827267534845028
-181.83517919227435 18.854202223489718
-183.89632314287297 21.667524783501225
-185.95746709347162 18.110127439983803
-188.01861104407027 18.613559712743974
-190.07975499466892 18.056226517738015
-192.14089894526754 17.951590025469198
-194.20204289586619 19.197378859546443
-196.2631868464648 19.163873416820017
-198.32433079706348 17.077025310598934
-200.38547474766216 18.836062813363935
-202.44661869826078 19.395649358092555
-204.50776264885943 21.651855802287134
-206.56890659945805 20.549504766596524
-208.6300505500567 18.78342586148795
-210.69119450065534 18.186375834098918
-212.752338451254 18.402170536937316
-214.8134824018526 16.11997915461914
-216.87462635245126 17.986604759136043
-218.9357703030499 17.25859915629955
-220.99691425364855 20.36244294429867
-223.05805820424717 21.75018974699694
-225.11920215484582 21.33326399218548
-227.18034610544444 20.284350545825315
-229.24149005604312 20.383571757245473
-231.30263400664174 18.635077024055427
-233.3637779572404 20.925067400713555
-235.424921907839 18.072076255492075
-237.48606585843766 19.016511456341313
-239.54720980903633 20.506527634186078
-241.60835375963495 19.919237692873377
-243.6694977102336 19.324057587054746
-245.73064166083222 15.647456813793166
-247.79178561143087 18.56733232625355
-249.85292956202952 20.360444245159627
-251.91407351262816 17.66702489264885
-253.97521746322678 17.12453025022305
-256.03636141382543 20.109986454018273
