# BEGINHEADER
# This file contains data from the SALSA 2m radio telescope.
# DATE=2020-11-03T16:27:34.0
# GLON and GLAT given in degrees
# GLON=69.8687610971
# GLAT=0.113563124527
# DATA in two columns below. Col. 1 is velocity relative to LSR [km/s]. Col. 2 is uncalibrated antenna temperature [K].
# ENDHEADER
264.007284368 0.000142662158779
261.946140417 0.000971356369502
259.884996467 0.403367201811
257.823852516 0.722984290503
255.762708565 1.45871626706
253.701564615 1.27041253256
251.640420664 1.58681718723
249.579276714 2.20277808732
247.518132763 2.30021356813
245.456988812 2.72382109393
243.395844862 2.79677443288
241.334700911 2.85104376672
239.273556961 3.2473205368
237.21241301 3.4208383789
235.151269059 3.37272207266
233.090125109 4.49693061603
231.028981158 4.38260368497
228.967837208 4.71807149661
226.906693257 4.92107375316
224.845549307 5.10088020403
222.784405356 5.59574782744
220.723261405 5.28028540129
218.662117455 4.91850372965
216.600973504 5.55127604537
214.539829554 6.22858439266
212.478685603 5.07166894296
210.417541652 5.84120369922
208.356397702 6.12672438388
206.295253751 6.38588445636
204.234109801 5.84409329575
202.17296585 5.81084537271
200.111821899 6.174677284
198.050677949 6.38398644163
195.989533998 5.73695593433
193.928390048 5.84492651223
191.867246097 6.37981985572
189.806102146 6.41251728346
187.744958196 6.12322526093
185.683814245 6.61385481773
183.622670295 6.22776291995
181.561526344 6.28205512391
179.500382393 6.25617778411
177.439238443 5.98830457769
175.378094492 5.91452029875
173.316950542 7.1528110044
171.255806591 6.61523616753
169.19466264 6.24461337471
167.13351869 6.37295521548
165.072374739 5.75944055271
163.011230789 5.54761554082
160.950086838 5.98453798311
158.888942887 5.46050513889
156.827798937 6.06973172426
154.766654986 6.11720797121
152.705511036 5.55723620388
150.644367085 6.57178946446
148.583223134 5.96074865755
146.522079184 5.43292309674
144.460935233 6.30415418571
142.399791283 5.4547870653
140.338647332 5.50335115435
138.277503381 5.23500126042
136.216359431 6.75574519075
134.15521548 5.39477190648
132.09407153 6.3981821412
130.032927579 5.84514822841
127.971783628 5.16607109554
125.910639678 5.72375204365
123.849495727 5.52901973035
121.788351777 4.88501122456
119.727207826 5.77150553631
117.666063875 5.13414167702
115.604919925 6.21057833076
113.543775974 5.66063043708
111.482632024 5.27670659111
109.421488073 5.66433449349
107.360344122 6.00732967414
105.299200172 5.55420150794
103.238056221 5.59697481575
101.176912271 5.49109430419
99.11576832 5.23925119594
97.0546243694 5.82792170773
94.9934804188 5.22493753151
92.9323364682 5.1047772365
90.8711925176 4.54873151128
88.810048567 4.67588193412
86.7489046164 5.29817727863
84.6877606658 4.22921014025
82.6266167152 5.1405339049
80.5654727646 5.40026088229
78.504328814 5.21672808547
76.4431848634 4.72914330653
74.3820409128 4.70180216461
72.3208969622 4.91721755275
70.2597530116 4.53473508295
68.198609061 4.33684118088
66.1374651104 4.45171086726
64.0763211598 4.90483855709
62.0151772092 3.76665036416
59.9540332586 4.60837444872
57.892889308 4.20504054701
55.8317453574 4.5942967591
53.7706014068 4.73711601802
51.7094574562 3.62111705495
49.6483135056 4.32652697329
47.587169555 3.41065159551
45.5260256044 3.5113235131
43.4648816538 4.12964975708
41.4037377032 4.59095076229
39.3425937526 3.96434036929
37.281449802 3.33003411465
35.2203058514 4.17830242781
33.1591619008 4.77495735228
31.0980179502 4.51549873983
29.0368739996 4.60432522491
26.975730049 5.55858508973
24.9145860984 6.98558496848
22.8534421478 8.5908479246
20.7922981972 11.5531133575
18.7311542466 12.3027648079
16.670010296 15.1586460315
14.6088663454 16.5184553601
12.5477223948 18.9610074931
10.4865784442 22.8587981137
8.42543449364 25.0144709708
6.36429054305 26.2007674847
4.30314659245 26.6278785564
2.24200264185 26.0457315921
0.18085869125 25.6977811357
-1.88028525935 22.0527742654
-3.94142920995 19.8723542798
-6.00257316055 18.6165955708
-8.06371711114 14.9093961254
-10.1248610617 13.8815854845
-12.1860050123 12.1176374118
-14.2471489629 11.0157328185
-16.3082929135 10.2013563775
-18.3694368641 10.5919391456
-20.4305808147 9.34817640464
-22.4917247653 7.94076651162
-24.5528687159 6.97234987553
-26.6140126665 6.73475758191
-28.6751566171 6.04857656618
-30.7363005677 5.76078940089
-32.7974445183 5.71545621638
-34.8585884689 4.55544685201
-36.9197324195 3.46761481019
-38.9808763701 3.31916402813
-41.0420203207 4.1328825589
-43.1031642713 3.81875902107
-45.1643082219 2.49458560624
-47.2254521725 4.42405781456
-49.2865961231 4.32573780006
-51.3477400737 4.77576786766
-53.4088840243 4.60857748033
-55.4700279749 5.7954219554
-57.5311719255 6.60384810404
-59.5923158761 6.0095493862
-61.6534598267 6.71850599072
-63.7146037773 7.96424100578
-65.7757477279 8.71130848875
-67.8368916785 8.50211521318
-69.8980356291 8.18340264386
-71.9591795797 8.79837718485
-74.0203235303 9.61650810359
-76.0814674809 7.27457834788
-78.1426114315 5.84283225417
-80.2037553821 4.87685533219
-82.2648993327 2.87577102064
-84.3260432833 2.65865981257
-86.3871872339 2.05229520752
-88.4483311845 2.15193594126
-90.5094751351 1.4595601347
-92.5706190857 0.627354424915
-94.6317630363 -0.113284304232
-96.6929069869 -0.105989999783
-98.7540509375 0.082668105545
-100.815194888 -1.07775522533
-102.876338839 -0.777077516261
-104.937482789 0.334554645577
-106.99862674 -1.19891482231
-109.05977069 -0.435166371466
-111.120914641 -1.58696769712
-113.182058592 0.0427951242584
-115.243202542 -2.01956524154
-117.304346493 -2.02529140583
-119.365490443 -2.59239557048
-121.426634394 -2.89232783853
-123.487778345 -2.7258011376
-125.548922295 -1.75267729299
-127.610066246 -2.68959607528
-129.671210196 -2.65985813328
-131.732354147 -2.66843060235
-133.793498098 -3.21760435869
-135.854642048 -3.59587346803
-137.915785999 -2.63414612762
-139.976929949 -3.33593265704
-142.0380739 -3.32581841791
-144.099217851 -4.2556394154
-146.160361801 -2.97770496319
-148.221505752 -3.24324912146
-150.282649702 -4.11199415994
-152.343793653 -3.29616934569
-154.404937604 -3.79888112705
-156.466081554 -3.69255612719
-158.527225505 -4.15026932406
-160.588369455 -3.70265968451
-162.649513406 -4.2036164488
-164.710657357 -5.11876343157
-166.771801307 -4.43835726095
-168.832945258 -4.1921874327
-170.894089208 -4.8518818107
-172.955233159 -3.92457600327
-175.01637711 -4.21412256751
-177.07752106 -4.44209057508
-179.138665011 -4.39805930902
-181.199808961 -4.30502357943
-183.260952912 -4.42058593406
-185.322096863 -4.74653581734
-187.383240813 -5.20221839614
-189.444384764 -4.25015588359
-191.505528714 -5.2652289143
-193.566672665 -4.09246176821
-195.627816616 -4.56447939496
-197.688960566 -4.84561581239
-199.750104517 -5.28565588892
-201.811248467 -4.55675708244
-203.872392418 -4.64182845457
-205.933536369 -4.85206928484
-207.994680319 -5.05639033779
-210.05582427 -4.78968036267
-212.11696822 -5.00816000094
-214.178112171 -5.24221027936
-216.239256122 -4.53626065834
-218.300400072 -4.75632836675
-220.361544023 -4.81891549886
-222.422687973 -4.79370264615
-224.483831924 -4.54305282131
-226.544975875 -4.77635395275
-228.606119825 -4.12107356665
-230.667263776 -3.99441647473
-232.728407726 -4.30634997182
-234.789551677 -4.37091937965
-236.850695628 -3.86616262007
-238.911839578 -3.50836489236
-240.972983529 -3.95783984296
-243.034127479 -3.4343726961
-245.09527143 -2.73147265866
-247.156415381 -2.79152922354
-249.217559331 -2.43684097741
-251.278703282 -2.36061570068
-253.339847232 -1.46726126586
-255.400991183 -1.76320338084
-257.462135134 -1.5882837583
-259.523279084 -0.915036386878
-261.584423035 -0.879053287636
