# BEGINHEADER
# This file contains data from the SALSA 2m radio telescope.
# DATE=2020-11-03T16:39:26.0
# GLON and GLAT given in degrees
# GLON=29.8366906115
# GLAT=0.264149254645
# DATA in two columns below. Col. 1 is velocity relative to LSR [km/s]. Col. 2 is uncalibrated antenna temperature [K].
# ENDHEADER
257.066291617 0.000163422442033
255.005147667 0.149106613915
252.944003716 0.247027566267
250.882859766 0.704454554319
248.821715815 1.12756102563
246.760571864 1.47935058839
244.699427914 1.56987558986
242.638283963 2.10540968733
240.577140013 2.24134767429
238.515996062 2.49057752994
236.454852111 2.65862065596
234.393708161 2.96839879138
232.33256421 3.77930348468
230.27142026 3.69746941129
228.210276309 3.61837360673
226.149132358 3.81329124439
224.087988408 4.10055782301
222.026844457 4.39503964545
219.965700507 5.27973700808
217.904556556 5.00408664072
215.843412605 5.8310050484
213.782268655 4.71329980178
211.721124704 5.9644803601
209.659980754 5.52972287569
207.598836803 5.6196415779
205.537692852 5.54298133792
203.476548902 5.49053807812
201.415404951 6.3476749532
199.354261001 6.35118036974
197.29311705 6.81771884681
195.231973099 6.52213147584
193.170829149 6.61735449786
191.109685198 6.64586788959
189.048541248 6.37001415336
186.987397297 6.06538113182
184.926253346 6.41855607562
182.865109396 6.0730319479
180.803965445 7.06007899243
178.742821495 5.97814196419
176.681677544 5.34551589256
174.620533593 6.41971329862
172.559389643 5.87062230463
170.498245692 6.09135931569
168.437101742 6.36863761614
166.375957791 5.98768875677
164.31481384 6.31080530416
162.25366989 6.57613681131
160.192525939 6.17514748814
158.131381989 6.1514793544
156.070238038 6.26587258538
154.009094087 6.14328484646
151.947950137 5.69078074291
149.886806186 6.82891085166
147.825662236 6.83954161971
145.764518285 5.12731466913
143.703374334 5.61498034031
141.642230384 5.55735524053
139.581086433 6.38004522891
137.519942483 6.11932964218
135.458798532 6.42159728854
133.397654581 5.51248065153
131.336510631 6.6841781152
129.27536668 6.28943248225
127.21422273 6.61134789071
125.153078779 6.51593031171
123.091934828 6.33881463204
121.030790878 6.3677229367
118.969646927 6.59256028345
116.908502977 6.72095610343
114.847359026 7.0607846652
112.786215075 8.05832356039
110.725071125 8.12170540246
108.663927174 6.67952210824
106.602783224 8.58858361229
104.541639273 8.45327212128
102.480495322 9.42455099049
100.419351372 9.90132958109
98.3582074212 10.949298211
96.2970634706 10.7150557563
94.23591952 11.4686116182
92.1747755694 11.0484937032
90.1136316188 11.9016860718
88.0524876682 11.2673747371
85.9913437176 11.205553427
83.930199767 12.4228699244
81.8690558165 11.1855584932
79.8079118659 11.5309272422
77.7467679153 12.5072253212
75.6856239647 11.8667498147
73.6244800141 11.5793559341
71.5633360635 11.9015676169
69.5021921129 11.9452272345
67.4410481623 10.6378548183
65.3799042117 10.7833317677
63.3187602611 11.5538985453
61.2576163105 10.5113915651
59.1964723599 11.4645039711
57.1353284093 11.5180549711
55.0741844587 12.2102738684
53.0130405081 12.2739076511
50.9518965575 12.300748569
48.8907526069 11.7259571682
46.8296086563 12.577756832
44.7684647057 14.0096949021
42.7073207551 13.7653729116
40.6461768045 13.0613465128
38.5850328539 14.161269469
36.5238889033 13.08746354
34.4627449527 12.5342463981
32.4016010021 14.1254128263
30.3404570515 14.6139348041
28.2793131009 15.2968485783
26.2181691503 14.7624270835
24.1570251997 16.3653494142
22.0958812491 17.6726813279
20.0347372985 18.2969957617
17.9735933479 17.9647026771
15.9124493973 17.9586623264
13.8513054467 18.5374161222
11.7901614961 19.7498380057
9.7290175455 19.2190231837
7.6678735949 18.9046766887
5.6067296443 17.4117809054
3.5455856937 17.7518194919
1.4844417431 17.9569557702
-0.576702207495 16.9855517935
-2.63784615809 15.3138063774
-4.69899010869 12.5524919368
-6.76013405929 9.25188997539
-8.82127800989 7.18162540452
-10.8824219605 5.92979035542
-12.9435659111 4.88100098942
-15.0047098617 4.44463283179
-17.0658538123 6.54978994284
-19.1269977629 5.67317171471
-21.1881417135 6.41185539219
-23.2492856641 6.25941702203
-25.3104296147 6.28071004596
-27.3715735653 4.936414539
-29.4327175159 6.21464409302
-31.4938614665 6.97731774591
-33.5550054171 6.12374538954
-35.6161493677 6.9829746139
-37.6772933183 6.53008960909
-39.7384372689 6.25064021521
-41.7995812195 5.97319815801
-43.8607251701 5.53150661592
-45.9218691207 5.97017116753
-47.9830130713 5.33804352197
-50.0441570219 4.49491570374
-52.1053009725 3.60338844441
-54.1664449231 3.29079661169
-56.2275888737 2.19130599844
-58.2887328243 2.82391426818
-60.3498767749 1.81086678121
-62.4110207255 1.04631587948
-64.4721646761 0.983284140729
-66.5333086267 0.201303428103
-68.5944525773 0.946391426997
-70.6555965278 0.436283846087
-72.7167404784 -0.477882904156
-74.777884429 -0.353105362532
-76.8390283796 -1.29596865274
-78.9001723302 -1.0619982802
-80.9613162808 -0.574784753512
-83.0224602314 -1.44068863511
-85.083604182 -0.327386870947
-87.1447481326 -0.754615317535
-89.2058920832 -1.90395894083
-91.2670360338 -0.6784135312
-93.3281799844 -1.11356009379
-95.389323935 -2.66244905167
-97.4504678856 -2.25565176811
-99.5116118362 -2.29610530091
-101.572755787 -1.10532367782
-103.633899737 -1.62655182174
-105.695043688 -1.76697683162
-107.756187639 -2.77762242368
-109.817331589 -1.38954451795
-111.87847554 -2.20770598588
-113.93961949 -1.79501057603
-116.000763441 -2.29958609458
-118.061907392 -2.88218977021
-120.123051342 -3.81286769724
-122.184195293 -2.58517699394
-124.245339243 -2.78930040148
-126.306483194 -2.70230548326
-128.367627145 -1.48270377127
-130.428771095 -2.60702463945
-132.489915046 -3.43106228303
-134.551058996 -2.52319861058
-136.612202947 -1.87874575074
-138.673346898 -2.51878368847
-140.734490848 -3.11988066857
-142.795634799 -3.10072546065
-144.856778749 -3.33284920143
-146.9179227 -3.03082716973
-148.979066651 -4.02420757584
-151.040210601 -4.00836161267
-153.101354552 -4.34660549735
-155.162498502 -4.27713544483
-157.223642453 -4.59020051578
-159.284786404 -4.00552870129
-161.345930354 -3.70799005022
-163.407074305 -3.97366362048
-165.468218255 -4.57740928204
-167.529362206 -4.2282524399
-169.590506157 -4.69486301546
-171.651650107 -5.1752873468
-173.712794058 -5.42073328384
-175.773938008 -4.55815147825
-177.835081959 -3.68876709263
-179.89622591 -5.16706037913
-181.95736986 -5.14389222694
-184.018513811 -5.50571200435
-186.079657761 -4.90557462884
-188.140801712 -5.71601231324
-190.201945663 -5.03948433077
-192.263089613 -5.49569201795
-194.324233564 -4.89523754968
-196.385377514 -5.46069313816
-198.446521465 -5.57219550165
-200.507665416 -5.48948229649
-202.568809366 -5.08543555766
-204.629953317 -4.66694930372
-206.691097267 -4.89111459377
-208.752241218 -5.23997701988
-210.813385169 -6.48861544427
-212.874529119 -5.71388570547
-214.93567307 -5.69181122661
-216.99681702 -5.5815027619
-219.057960971 -5.13574010411
-221.119104922 -5.50985598332
-223.180248872 -5.70698629171
-225.241392823 -5.36716385703
-227.302536773 -5.58128736284
-229.363680724 -5.5877953182
-231.424824675 -5.06322740635
-233.485968625 -4.73924126342
-235.547112576 -4.54284197049
-237.608256526 -4.59175761676
-239.669400477 -4.79689755538
-241.730544428 -4.36946997248
-243.791688378 -4.46722751895
-245.852832329 -3.80023130837
-247.913976279 -3.65879507229
-249.97512023 -3.13474744417
-252.036264181 -2.75319495057
-254.097408131 -2.78064185982
-256.158552082 -2.61413180878
-258.219696032 -2.53949700868
-260.280839983 -1.88427141513
-262.341983934 -1.42864242247
-264.403127884 -1.48941286265
-266.464271835 -1.05218592562
-268.525415785 -0.883354247637
