# BEGINHEADER
# This file contains data from the SALSA 2m radio telescope.
# DATE=2020-11-03T16:31:12.0
# GLON and GLAT given in degrees
# GLON=49.9029285148
# GLAT=0.201220641707
# DATA in two columns below. Col. 1 is velocity relative to LSR [km/s]. Col. 2 is uncalibrated antenna temperature [K].
# ENDHEADER
260.255559545 -0.000139781975962
258.194415595 -0.142354033279
256.133271644 -0.0247633495154
254.072127693 0.756627309179
252.010983743 0.899380190337
249.949839792 0.754981878675
247.888695842 1.77814238528
245.827551891 1.70136638519
243.76640794 2.15572859469
241.70526399 2.4393019102
239.644120039 2.71685969986
237.582976089 3.36066071224
235.521832138 3.05217522988
233.460688188 3.39938375927
231.399544237 4.41682264082
229.338400286 3.76815316518
227.277256336 4.51925892377
225.216112385 4.67407987012
223.154968435 5.05812869782
221.093824484 5.49899533152
219.032680533 5.06744440896
216.971536583 5.38037056337
214.910392632 5.81963249911
212.849248682 4.99017598568
210.788104731 6.40096345938
208.72696078 5.81188384893
206.66581683 4.77106615204
204.604672879 5.16155220318
202.543528929 6.19233215392
200.482384978 5.68145326422
198.421241027 5.37888414016
196.360097077 5.82634450014
194.298953126 5.8746758997
192.237809176 4.98015265348
190.176665225 5.65348625066
188.115521274 6.01393119345
186.054377324 5.95064394331
183.993233373 5.81498484389
181.932089423 6.57553366685
179.870945472 6.49597993626
177.809801521 6.25407569579
175.748657571 6.02853762217
173.68751362 5.5995697904
171.62636967 6.49732131985
169.565225719 6.60070826192
167.504081768 7.15016560516
165.442937818 6.16438806289
163.381793867 5.98098922824
161.320649917 5.82767927457
159.259505966 6.03810995669
157.198362015 6.13941738773
155.137218065 6.73088332119
153.076074114 5.93147047782
151.014930164 5.83616219304
148.953786213 5.92120997744
146.892642262 5.33056021815
144.831498312 6.10203050176
142.770354361 5.81431267834
140.709210411 6.90222608547
138.64806646 5.75893381843
136.586922509 6.11588649028
134.525778559 5.73010342714
132.464634608 5.99137210547
130.403490658 5.95403992503
128.342346707 5.29430900124
126.281202756 5.6073429636
124.220058806 5.39486253027
122.158914855 5.47542542562
120.097770905 5.82538130632
118.036626954 6.16160102013
115.975483003 6.35989344614
113.914339053 6.35996520148
111.853195102 4.92225825873
109.792051152 6.1702983525
107.730907201 5.69455716664
105.66976325 5.15082908001
103.6086193 6.44177212758
101.547475349 5.89701783834
99.4863313986 6.15733469987
97.425187448 5.50188072925
95.3640434974 6.05404724193
93.3028995468 5.59476974192
91.2417555962 4.24611522279
89.1806116456 4.45637777243
87.119467695 4.90399174521
85.0583237444 5.38218366335
82.9971797938 5.27217578595
80.9360358432 5.67491297707
78.8748918926 6.25867280514
76.813747942 6.16928544334
74.7526039914 6.3305756856
72.6914600408 6.01416743445
70.6303160902 6.86435396271
68.5691721396 8.32694565787
66.508028189 9.4924383737
64.4468842384 10.033533989
62.3857402878 11.7586615387
60.3245963372 13.5712212036
58.2634523866 14.6341087944
56.202308436 15.2014867635
54.1411644854 15.6839664419
52.0800205348 16.9380089183
50.0188765842 17.7252332
47.9577326336 18.5378091216
45.896588683 18.7874396408
43.8354447324 18.0417510345
41.7743007818 16.5903741001
39.7131568312 15.8826320917
37.6520128806 16.2576887761
35.59086893 14.7328771678
33.5297249794 14.7621366948
31.4685810288 14.788274957
29.4074370782 14.5567453142
27.3462931276 14.0889518269
25.285149177 14.9756385616
23.2240052264 15.8100772988
21.1628612758 17.393344953
19.1017173252 17.5859192152
17.0405733746 17.5008924438
14.979429424 17.1497600499
12.9182854734 17.4369870437
10.8571415229 17.3729117939
8.79599757225 18.7627212775
6.73485362165 20.8216417172
4.67370967105 21.6062143254
2.61256572046 21.1989710181
0.551421769857 18.7291454538
-1.50972218074 16.6164166154
-3.57086613134 12.1964576922
-5.63201008194 8.03954511918
-7.69315403254 7.24254989343
-9.75429798314 5.81299103932
-11.8154419337 4.49948389428
-13.8765858843 4.08088472694
-15.9377298349 4.21599620654
-17.9988737855 4.08454084672
-20.0600177361 3.74086549108
-22.1211616867 4.38332743154
-24.1823056373 3.24823673381
-26.2434495879 3.76214222009
-28.3045935385 3.65631695754
-30.3657374891 3.8668982493
-32.4268814397 3.70211711359
-34.4880253903 4.28869972664
-36.5491693409 4.96395689224
-38.6103132915 5.25205808622
-40.6714572421 5.53960930376
-42.7326011927 6.41849728018
-44.7937451433 6.2396182096
-46.8548890939 6.45057011007
-48.9160330445 6.72721707047
-50.9771769951 6.45754255656
-53.0383209457 7.06716926708
-55.0994648963 6.47723834669
-57.1606088469 6.60087008726
-59.2217527975 5.75085096534
-61.2828967481 4.31589825503
-63.3440406987 4.74110180595
-65.4051846493 4.5730610831
-67.4663285999 3.82971439607
-69.5274725505 3.27485875695
-71.5886165011 2.43132746975
-73.6497604517 2.20362571748
-75.7109044023 3.11527682464
-77.7720483529 1.89401477203
-79.8331923035 0.966685952434
-81.8943362541 1.76146056515
-83.9554802047 0.303755831973
-86.0166241553 0.243498945266
-88.0777681059 1.30155591294
-90.1389120565 0.423378915981
-92.2000560071 -0.914607783313
-94.2611999577 -0.979672562937
-96.3223439083 -1.19176291436
-98.3834878589 -0.0153476757764
-100.444631809 -0.596424074524
-102.50577576 -1.30993528066
-104.566919711 -1.30807931598
-106.628063661 -2.57802096482
-108.689207612 -2.78441211428
-110.750351562 -3.11138748396
-112.811495513 -1.89261092253
-114.872639464 -2.12543678733
-116.933783414 -2.5992111213
-118.994927365 -1.7137316835
-121.056071315 -2.12059622275
-123.117215266 -3.11145928439
-125.178359217 -3.16244513141
-127.239503167 -2.57688842139
-129.300647118 -3.00297749
-131.361791068 -2.30339682264
-133.422935019 -1.99063148069
-135.48407897 -2.84260689353
-137.54522292 -3.60880280546
-139.606366871 -3.22332036163
-141.667510821 -3.53957984747
-143.728654772 -3.23765386911
-145.789798723 -3.55468359816
-147.850942673 -3.1533318382
-149.912086624 -4.69592430899
-151.973230574 -3.1803630936
-154.034374525 -3.37059499299
-156.095518476 -4.66859883956
-158.156662426 -3.99637615145
-160.217806377 -4.17965148489
-162.278950327 -3.13865958167
-164.340094278 -4.63582782029
-166.401238229 -4.71271199327
-168.462382179 -4.61275817124
-170.52352613 -5.13837713623
-172.58467008 -4.69929130624
-174.645814031 -4.26311997505
-176.706957982 -3.55163705311
-178.768101932 -4.39211765616
-180.829245883 -4.7712035981
-182.890389833 -5.1557633146
-184.951533784 -3.92271060573
-187.012677735 -5.01850374239
-189.073821685 -4.69522183521
-191.134965636 -5.08259320388
-193.196109586 -4.98656728622
-195.257253537 -4.75962519092
-197.318397488 -5.21357218863
-199.379541438 -5.39096653731
-201.440685389 -4.90707222593
-203.501829339 -5.53544563059
-205.56297329 -5.67426173767
-207.624117241 -5.31273698081
-209.685261191 -4.97359189425
-211.746405142 -4.71537330727
-213.807549092 -5.06151379331
-215.868693043 -4.82353686123
-217.929836994 -4.53491193485
-219.990980944 -4.82800362247
-222.052124895 -5.05594888261
-224.113268845 -4.89932505262
-226.174412796 -4.83760249463
-228.235556747 -4.88078408363
-230.296700697 -4.93957865999
-232.357844648 -4.46561374557
-234.418988598 -4.31823698718
-236.480132549 -5.01926006239
-238.5412765 -4.09685190472
-240.60242045 -4.15309758274
-242.663564401 -3.45122547801
-244.724708351 -3.67702152046
-246.785852302 -3.52456496045
-248.846996253 -2.83863845184
-250.908140203 -2.69368436201
-252.969284154 -2.33441614391
-255.030428104 -2.01308035366
-257.091572055 -1.80567150447
-259.152716006 -1.88168048223
-261.213859956 -1.51499997455
-263.275003907 -1.17522559125
-265.336147857 -0.788406520323
