# BEGINHEADER
# This file contains data from the SALSA 2m radio telescope.
# DATE=2024-11-27T00:11:0001
# GLON and GLAT given in degrees
# GLON=189.725469258767
# GLAT=-0.23944453340631444
# DATA in two columns below. Col. 1 is velocity relative to LSR [km/s]. Col. 2 is uncalibrated antenna temperature [K].
# ENDHEADER
265.70845288823415 8.548037539544731
263.6473089376355 6.364816216997737
261.5861649870369 9.50098533223861
259.52502103643826 10.813404714299088
257.4638770858396 2.4386546217334533
255.40273313524096 13.599053030299272
253.34158918464234 10.645704526540598
251.28044523404367 8.649011562390745
249.21930128344505 10.074914290960223
247.1581573328464 12.974232141022794
245.09701338224778 18.186861698500564
243.03586943164913 16.34494100528766
240.97472548105048 6.327351582793613
238.91358153045184 8.782598163492414
236.85243757985322 2.581053849946021
234.79129362925457 10.014585965393227
232.73014967865592 8.745477434920748
230.66900572805727 11.56657839621074
228.60786177745862 8.450598192125428
226.54671782686 11.68962489635888
224.48557387626136 15.960874821851853
222.4244299256627 7.381849027139419
220.36328597506406 6.047487707998978
218.30214202446544 11.27392473891208
216.2409980738668 13.317462501058868
214.17985412326817 7.530561314281862
212.1187101726695 16.62586570457048
210.05756622207088 17.117593579891544
207.99642227147223 13.592354158255883
205.9352783208736 6.354365143590312
203.87413437027496 0.8717632038779949
201.8129904196763 13.743318333827583
199.75184646907766 14.590218429374652
197.69070251847907 12.086167280452312
195.6295585678804 10.381227758870786
193.56841461728175 17.376230786850392
191.50727066668313 8.747701992292455
189.44612671608448 14.838476673775055
187.38498276548586 10.432914096444543
185.32383881488718 12.865659130731826
183.26269486428856 8.575841712389996
181.2015509136899 10.129637396491834
179.1404069630913 13.547351436936275
177.07926301249265 11.952999374672116
175.018119061894 12.082617755971167
172.95697511129535 7.481572488042431
170.89583116069673 10.161869583507118
168.83468721009808 9.902858013479253
166.77354325949943 16.34612372136804
164.71239930890079 19.987187610656655
162.65125535830217 2.5298133276474433
160.59011140770352 10.072314488012273
158.5289674571049 9.34964750739749
156.46782350650622 9.474862858122545
154.40667955590757 17.228360078863563
152.34553560530895 11.587502611027078
150.2843916547103 8.358655834877457
148.22324770411169 9.47505996950138
146.162103753513 13.424036987226293
144.1009598029144 14.989995632652816
142.03981585231574 6.67291089079012
139.97867190171712 15.650585222517806
137.91752795111844 12.299494476055065
135.85638400051982 13.095272449297193
133.79524004992118 11.63397352904803
131.73409609932256 10.55290236348828
129.6729521487239 11.711906378665102
127.61180819812526 15.550574350651386
125.55066424752661 13.3467513808549
123.48952029692798 13.535053219960353
121.42837634632934 14.169263860055747
119.3672323957307 11.078862861963241
117.30608844513206 17.879847666445123
115.24494449453341 4.783050525500659
113.18380054393478 6.897244854325237
111.12265659333613 7.831484509879525
109.0615126427375 12.973967135579555
107.00036869213886 13.32069991005476
104.93922474154022 7.839666895608237
102.87808079094158 10.075150963567788
100.81693684034293 16.702415647683463
98.7557928897443 16.24134965908421
96.69464893914564 8.808509371296735
94.633504988547 4.592043887740115
92.57236103794837 7.39409895436358
90.51121708734972 5.5993251257887415
88.45007313675109 3.0485569723070753
86.38892918615244 8.79841992142256
84.3277852355538 8.965702128090227
82.26664128495517 11.641987771831875
80.20549733435652 17.215079973829077
78.14435338375789 13.564937633767553
76.08320943315924 11.967590378919583
74.0220654825606 19.62453545886178
71.96092153196196 25.43874799848316
69.89977758136332 16.758485732305157
67.83863363076469 6.63917765221403
65.77748968016604 9.271218717666896
63.716345729567394 3.198791838235961
61.65520177896876 13.787491566352148
59.59405782837012 9.336209093810536
57.53291387777148 9.277322271104458
55.471769927172836 8.5378463395407
53.410625976574195 13.7545980038154
51.349482025975554 9.356039242325433
49.28833807537691 12.287571244797357
47.227194124778265 12.001746413816749
45.166050174179624 10.055576204943984
43.10490622358098 11.697550132997947
41.04376227298234 8.251659313320236
38.9826183223837 20.37898092263599
36.92147437178507 13.894653982409611
34.860330421186426 24.993150030845772
32.799186470587784 19.997363024448948
30.73804251998914 16.22973198593869
28.6768985693905 28.445181926313275
26.61575461879186 23.330923172386957
24.55461066819322 31.414296288194812
22.493466717594575 28.492266436874623
20.432322766995934 50.26414915700767
18.371178816397297 69.56036692793924
16.310034865798656 79.27473676624855
14.248890915200015 105.69298652773566
12.187746964601374 115.73491847263466
10.126603014002734 131.23421716107867
8.065459063404093 146.17171167757567
6.004315112805451 144.74483563346743
3.9431711622068106 136.28357777308796
1.88202721160817 129.13048521740788
-0.1791167389904708 125.22976362765432
-2.2402606895891117 109.69595648760003
-4.301404640187752 95.95070820058282
-6.362548590786393 76.72798524486134
-8.423692541385034 58.413487024565846
-10.484836491983673 52.00181405325582
-12.545980442582318 32.142398137313904
-14.607124393180957 30.497992515605976
-16.668268343779598 22.10525731800732
-18.72941229437824 15.466964798654322
-20.79055624497688 16.193353582930765
-22.851700195575518 15.904792828133475
-24.912844146174162 17.105858889167273
-26.973988096772803 17.88869188046982
-29.03513204737144 20.83047932233194
-31.096275997970082 18.518107209335074
-33.15741994856872 12.336746378260282
-35.218563899167364 17.002228135685602
-37.279707849766005 17.592915231037452
-39.340851800364646 9.705283127343487
-41.40199575096329 14.126407590225325
-43.46313970156193 18.410514026287757
-45.52428365216057 13.656887431994654
-47.585427602759204 9.027832211614763
-49.646571553357845 12.197933908754507
-51.707715503956486 13.539523274395158
-53.76885945455513 7.871001850050261
-55.83000340515377 3.5250632898028837
-57.89114735575241 7.653583721008624
-59.95229130635105 7.7724559660975485
-62.01343525694969 8.842758437931886
-64.07457920754833 6.973016348782112
-66.13572315814697 8.476466901415138
-68.19686710874562 11.138159146011372
-70.25801105934426 9.530890639672064
-72.31915500994289 8.325245534338656
-74.38029896054154 11.187289492044023
-76.44144291114017 8.31825385000292
-78.50258686173882 12.752432761745876
-80.56373081233745 9.451961948319209
-82.6248747629361 6.946410592785188
-84.68601871353474 11.266512468341954
-86.74716266413337 11.357743881040943
-88.80830661473202 8.788353961093897
-90.86945056533065 8.607894077816324
-92.9305945159293 15.39335016272535
-94.99173846652793 13.786023743356147
-97.0528824171266 9.393219463882055
-99.11402636772523 11.43959303394711
-101.17517031832386 7.746056322026669
-103.23631426892251 9.68034030100896
-105.29745821952115 13.701003977396528
-107.3586021701198 19.763434395457118
-109.41974612071843 16.078226352602595
-111.48089007131706 13.100282532029537
-113.54203402191571 8.42642820892445
-115.60317797251435 12.53959846049972
-117.664321923113 9.174193269282823
-119.72546587371163 16.05727317681513
-121.78660982431028 10.017930332576698
-123.84775377490891 16.88522568003073
-125.90889772550754 13.608800846989297
-127.97004167610619 15.347952820520534
-130.03118562670483 11.841704443101895
-132.09232957730347 11.313918013081029
-134.15347352790212 12.086232119065397
-136.21461747850077 15.019982834132907
-138.2757614290994 10.127301810916812
-140.33690537969804 11.458924513283273
-142.39804933029666 3.587684599019506
-144.45919328089533 4.984566660897705
-146.52033723149395 14.009372911308192
-148.5814811820926 6.070762417480554
-150.64262513269122 12.540933970280143
-152.70376908328987 13.197775526455032
-154.76491303388855 11.408117414542017
-156.82605698448717 9.448208426466534
-158.88720093508581 11.365735221986336
-160.94834488568443 14.658171624808503
-163.0094888362831 11.524064637460482
-165.07063278688173 14.482556688848389
-167.13177673748038 5.926020951680608
-169.192920688079 12.027311415404267
-171.25406463867765 6.54766073688405
-173.3152085892763 10.622308246083401
-175.37635253987494 18.43107814199013
-177.43749649047356 2.874088686082029
-179.4986404410722 14.127640230446502
-181.55978439167083 1.5559691759246181
-183.6209283422695 13.18647097338723
-185.68207229286813 11.347517355695258
-187.74321624346678 8.0494524366781
-189.8043601940654 14.29801185766439
-191.86550414466407 14.211949542077274
-193.92664809526272 4.10288682074424
-195.98779204586134 5.1522335510501565
-198.04893599646 10.012017080592544
-200.11007994705864 6.350164380753762
-202.17122389765728 14.027206469053235
-204.23236784825593 15.56613057703382
-206.29351179885458 16.33479966305401
-208.3546557494532 2.812099800493476
-210.41579970005185 10.17173108041234
-212.47694365065047 10.044699322302073
-214.53808760124915 9.373584361157125
-216.59923155184777 9.674696736978518
-218.6603755024464 9.45350702977006
-220.72151945304503 10.156121796843772
-222.78266340364368 13.66056637607313
-224.84380735424233 15.342814456792802
-226.90495130484098 22.0845923368128
-228.9660952554396 12.227904944474416
-231.02723920603825 11.541027338822992
-233.08838315663692 15.599659440129027
-235.14952710723554 10.638924747661198
-237.2106710578342 10.930832998208736
-239.2718150084328 18.169681549159687
-241.33295895903146 17.411929270030676
-243.3941029096301 7.826294643121201
-245.45524686022875 9.07645528137376
-247.51639081082737 12.740010515217147
-249.57753476142602 8.731106929254885
-251.63867871202464 14.508749724012155
-253.69982266262332 14.157244346149366
-255.76096661322194 15.45562323354369
-257.82211056382056 7.745478409404852
-259.8832545144192 2.915355978280404
