# BEGINHEADER
# This file contains data from the SALSA 2m radio telescope.
# DATE=2024-11-26T23:47:0058
# GLON and GLAT given in degrees
# GLON=239.85117421532385
# GLAT=-0.19106351833613913
# DATA in two columns below. Col. 1 is velocity relative to LSR [km/s]. Col. 2 is uncalibrated antenna temperature [K].
# ENDHEADER
265.0820517123083 8.620669847735867
263.02090776170974 14.36687877256396
260.95976381111103 11.422800429822374
258.89861986051244 14.239723773625913
256.83747590991373 14.028811327692942
254.77633195931512 15.65617623800136
252.71518800871647 16.0623129393923
250.65404405811785 13.229458498611267
248.5929001075192 12.146757155674088
246.53175615692055 15.648964387215214
244.4706122063219 14.590018750111348
242.40946825572328 14.226226299683137
240.34832430512463 13.907009066410044
238.28718035452601 12.699745974726103
236.22603640392734 13.88908024564455
234.16489245332872 11.945075712994074
232.10374850273007 12.876559508698604
230.04260455213145 15.451295363517225
227.9814606015328 13.778903382250267
225.92031665093415 14.369281863539335
223.8591727003355 14.017037122697381
221.7980287497369 14.115741482452778
219.73688479913824 15.188170167370183
217.6757408485396 16.011590693573854
215.61459689794094 15.282596347821423
213.5534529473423 14.519046672098243
211.49230899674367 14.065778500509786
209.43116504614503 14.010720025125243
207.37002109554638 13.160179360781358
205.30887714494773 14.353715033921507
203.2477331943491 12.884337919366427
201.18658924375046 14.834751308556454
199.12544529315184 15.196481809655133
197.06430134255316 13.559918053138203
195.00315739195455 14.644951108243452
192.9420134413559 15.415342660804077
190.88086949075728 14.39668673172873
188.8197255401586 14.861034488617813
186.75858158955998 13.628585555743566
184.69743763896133 15.02943309957137
182.6362936883627 13.967916387325046
180.57514973776406 14.187242471222689
178.51400578716542 13.691491892352397
176.45286183656677 12.587388096653465
174.39171788596812 14.411464219049597
172.3305739353695 16.62073874585278
170.26942998477085 14.641483375333086
168.2082860341722 13.131234341719704
166.14714208357356 14.608370704376865
164.08599813297494 13.036427796752806
162.0248541823763 14.62519061065858
159.96371023177764 14.00837077245179
157.902566281179 13.681207556039494
155.84142233058037 14.037600059936551
153.78027837998172 15.3751230795293
151.7191344293831 14.348583964050718
149.65799047878443 14.644906971986993
147.5968465281858 16.697043165436853
145.53570257758716 15.843024677330572
143.47455862698854 15.999422964155277
141.4134146763899 15.442986917755217
139.35227072579124 14.539056363686482
137.2911267751926 14.876651238783626
135.22998282459395 14.963655192525797
133.16883887399533 13.190563016060038
131.10769492339668 13.8073720215645
129.04655097279803 16.562023141044367
126.9854070221994 16.595754079383607
124.92426307160076 16.60331839402726
122.86311912100211 17.71041490743399
120.80197517040348 14.882289393239272
118.74083121980482 17.113632716599636
116.67968726920618 16.507021560200318
114.61854331860755 16.76308093569066
112.5573993680089 18.204824192167752
110.49625541741027 18.19238041596038
108.43511146681162 17.539620998200142
106.37396751621299 18.02609869321055
104.31282356561434 19.585111105049165
102.2516796150157 19.565653401011794
100.19053566441707 18.71564999345419
98.12939171381842 19.51171933003643
96.06824776321979 22.69430063795404
94.00710381262114 24.67526707526267
91.9459598620225 27.180703740174216
89.88481591142387 30.736188220635547
87.82367196082522 34.57509663512261
85.76252801022659 36.838767876600265
83.70138405962794 35.29155574253866
81.6402401090293 39.807770121329355
79.57909615843064 41.12624939401958
77.51795220783201 37.39545973121151
75.45680825723338 39.667384207114935
73.39566430663473 39.90210287166181
71.3345203560361 42.416851200219575
69.27337640543745 43.250590945614746
67.21223245483881 46.675728544825965
65.15108850424018 46.574494411286885
63.08994455364153 44.64778415520915
61.02880060304289 46.10387647286021
58.96765665244425 44.64069565731538
56.90651270184561 44.426677822597135
54.84536875124697 43.797217106176
52.78422480064833 39.67603113412163
50.72308085004969 37.12917272711805
48.66193689945105 32.374205912386685
46.60079294885241 27.356155827625077
44.53964899825377 26.78643805413873
42.478505047655126 24.3790736462079
40.417361097056485 22.858483150300636
38.35621714645785 20.86786932917974
36.29507319585921 19.149212174911934
34.23392924526057 21.343499528194517
32.17278529466193 25.103993044920273
30.111641344063283 30.356564137523325
28.050497393464646 36.430495764893685
25.989353442866 44.593166464351306
23.928209492267356 49.12509128146419
21.86706554166872 56.16882159647655
19.805921591070078 58.91703923820678
17.744777640471437 57.960764490367275
15.683633689872796 48.12029951984241
13.622489739274155 39.45616990485707
11.561345788675515 30.41737698958617
9.500201838076876 25.614889422124776
7.439057887478234 24.397659660006937
5.377913936879593 21.5930295146781
3.3167699862809523 21.015005468907464
1.2556260356823112 22.964304913344712
-0.8055179149163297 24.956556459797575
-2.8666618655149705 25.678515711834923
-4.927805816113611 24.07899078993021
-6.988949766712252 18.573212293292244
-9.050093717310892 15.941906218446933
-11.111237667909533 14.943777928633391
-13.172381618508176 15.171396272901463
-15.233525569106817 14.098645777019298
-17.294669519705458 15.013226165040168
-19.355813470304096 14.381259698664051
-21.416957420902737 14.023905293860206
-23.47810137150138 14.001270004210129
-25.53924532210002 13.158297996237287
-27.600389272698656 12.956701275184551
-29.661533223297297 11.409528066180659
-31.72267717389594 15.681691198830947
-33.78382112449458 13.349585288299815
-35.84496507509322 13.2494366083218
-37.90610902569186 12.902305357705943
-39.9672529762905 13.217393070992662
-42.028396926889144 13.700266740680735
-44.089540877487785 11.509593956799211
-46.15068482808642 12.748206699201196
-48.21182877868507 11.562590157900836
-50.272972729283715 11.16620032676896
-52.33411667988236 13.331514941851918
-54.395260630481 12.794608294356507
-56.45640458107963 12.249343482546557
-58.51754853167827 11.69006160710284
-60.578692482276914 11.756248209009156
-62.639836432875555 11.402517053882065
-64.7009803834742 13.286954230136942
-66.76212433407284 12.092401924858667
-68.82326828467147 12.569665988272144
-70.88441223527012 13.66876877766453
-72.94555618586875 12.574789129827387
-75.00670013646742 13.072334477800277
-77.06784408706605 12.841402218630384
-79.12898803766468 13.646080011204383
-81.19013198826333 11.48521040966607
-83.25127593886197 13.320857473751023
-85.31241988946061 13.144200432005833
-87.37356384005925 13.428647873227312
-89.43470779065788 12.890188846557251
-91.49585174125653 13.510572079434192
-93.55699569185516 10.988055776170068
-95.61813964245381 11.941663280312476
-97.67928359305245 12.628465546438656
-99.7404275436511 12.453639561825465
-101.80157149424973 12.257191090125906
-103.86271544484836 11.853428370336522
-105.92385939544701 12.272803769891116
-107.98500334604564 13.615302400409286
-110.04614729664429 13.348610440169972
-112.10729124724293 12.123469008735361
-114.16843519784159 13.008200520996876
-116.22957914844022 12.210250118709434
-118.29072309903886 10.969397874904477
-120.3518670496375 14.468863180438817
-122.41301100023614 12.800578458445386
-124.47415495083479 11.074976252473522
-126.53529890143342 12.73750365528802
-128.59644285203206 11.963401754045117
-130.6575868026307 12.124473343935586
-132.71873075322935 13.380454577710042
-134.779874703828 12.511445632415795
-136.84101865442662 12.445857392111044
-138.90216260502527 13.587450388744099
-140.96330655562392 12.673866756786792
-143.02445050622256 12.86055848918257
-145.08559445682118 13.253990234983686
-147.14673840741983 12.329576165494297
-149.20788235801845 12.920847582107829
-151.26902630861713 12.447320554312173
-153.33017025921575 12.310924614638564
-155.3913142098144 13.89037710598896
-157.45245816041302 14.125096522991853
-159.51360211101166 13.44104438687762
-161.5747460616103 12.76195760022639
-163.63589001220896 13.509578714253326
-165.69703396280758 13.2064759677012
-167.75817791340623 12.034623000782382
-169.81932186400488 13.12255570971323
-171.88046581460353 14.324206844715743
-173.94160976520217 13.73807441286231
-176.0027537158008 16.521387191351476
-178.06389766639944 13.280703732480335
-180.1250416169981 14.321135309448103
-182.18618556759674 15.270124375413689
-184.24732951819536 13.430007256460247
-186.308473468794 15.209946580536416
-188.36961741939263 13.748443963608532
-190.4307613699913 13.525917779077647
-192.49190532058992 14.871471316223658
-194.55304927118857 14.12836026050083
-196.6141932217872 13.21908610475614
-198.67533717238587 15.262748341799849
-200.7364811229845 13.385686401487684
-202.79762507358313 13.512186798128285
-204.85876902418175 12.959004541136316
-206.9199129747804 14.700247986486096
-208.98105692537905 16.738037958500843
-211.0422008759777 14.061506168160449
-213.10334482657635 13.451436768567067
-215.16448877717497 15.373588344783986
-217.22563272777361 13.831238758440444
-219.28677667837226 13.383101969422732
-221.3479206289709 13.690042560886013
-223.40906457956953 14.71561146088926
-225.47020853016818 16.609236713172606
-227.53135248076683 15.745732149044953
-229.59249643136548 12.91053698707698
-231.6536403819641 13.48350089703143
-233.71478433256274 16.115563829606177
-235.77592828316136 14.73437013128812
-237.83707223376004 13.066553584651567
-239.89821618435866 14.889370399607293
-241.9593601349573 14.492791378966782
-244.02050408555593 15.366873359490738
-246.08164803615458 14.703433019569061
-248.14279198675322 15.619774553331728
-250.20393593735187 16.893503748097164
-252.26507988795052 15.645054628242214
-254.32622383854914 15.821216730659291
-256.3873677891478 13.833413341402057
-258.44851173974644 13.198563493433365
-260.5096556903451 16.110527333697767
