# BEGINHEADER
# This file contains data from the SALSA 2m radio telescope.
# DATE=2024-11-26T23:52:0044
# GLON and GLAT given in degrees
# GLON=69.87911319030678
# GLAT=0.09487615886639054
# DATA in two columns below. Col. 1 is velocity relative to LSR [km/s]. Col. 2 is uncalibrated antenna temperature [K].
# ENDHEADER
265.11025001849424 12.410753649287992
263.0491060678956 20.34822394799422
260.987962117297 11.910575431020513
258.92681816669835 19.605312337503012
256.8656742160997 16.9386084349789
254.80453026550106 8.408637646644042
252.74338631490244 11.685727212165666
250.6822423643038 16.43745885048177
248.62109841370514 9.21328692849913
246.5599544631065 5.929698370346946
244.49881051250787 11.993854286129501
242.43766656190923 13.147631920715485
240.3765226113106 14.435952985899508
238.31537866071193 15.371807700261526
236.2542347101133 11.943006812174753
234.19309075951466 18.174909773336115
232.131946808916 15.884141827082903
230.0708028583174 7.712184108658271
228.00965890771872 15.806701038632267
225.9485149571201 7.315982796051227
223.88737100652145 10.073326865593344
221.82622705592283 17.32809734379735
219.76508310532415 25.47721510087981
217.70393915472553 12.34950825255965
215.64279520412688 20.118574349728274
213.58165125352826 18.320694799601455
211.52050730292962 11.438777261261357
209.45936335233097 6.495611981438423
207.39821940173232 4.561097362515044
205.3370754511337 14.311202518003695
203.27593150053505 17.200310781429025
201.21478754993643 13.60844058374798
199.15364359933776 15.218496410780597
197.09249964873914 11.210453803999785
195.0313556981405 12.285403763083679
192.97021174754184 22.38472654491924
190.90906779694322 13.761588363177731
188.84792384634454 15.940492805987466
186.78677989574592 11.28425421565594
184.72563594514727 18.383720295799318
182.66449199454865 15.606052955450787
180.60334804394998 7.723824190658149
178.54220409335136 19.94747497708159
176.4810601427527 12.378464381550518
174.4199161921541 16.93564520936218
172.35877224155544 18.14092483959286
170.2976282909568 11.831747620396152
168.23648434035815 14.19763929475163
166.17534038975953 16.691088578712066
164.11419643916088 15.401642265382039
162.05305248856226 9.758353735367468
159.99190853796358 10.516516379752982
157.93076458736496 18.869103519406906
155.8696206367663 10.498618940888257
153.80847668616767 17.665149867713286
151.74733273556902 9.704635409851623
149.68618878497037 15.942039810918109
147.62504483437175 13.247776259888271
145.5639008837731 17.62781335974912
143.50275693317448 22.610580435309064
141.4416129825758 11.057904230874108
139.38046903197719 13.911151385241915
137.31932508137854 12.820683758628249
135.25818113077992 18.27474230177463
133.19703718018127 5.6406109343081265
131.13589322958262 15.635285729261414
129.07474927898397 13.396011967930134
127.01360532838534 12.433142326439324
124.95246137778669 17.747406261472534
122.89131742718806 15.385408794620625
120.83017347658942 19.982600556988956
118.76902952599077 9.155520758121062
116.70788557539214 16.52071662723819
114.64674162479349 16.365626813575805
112.58559767419486 15.187273479637561
110.52445372359621 15.00803675213044
108.46330977299758 20.408705376449614
106.40216582239894 13.687232954129188
104.3410218718003 10.386154852715801
102.27987792120166 14.352956394978678
100.21873397060301 17.95754098939032
98.15759002000438 9.238583561633112
96.09644606940572 14.39414554528339
94.03530211880708 17.903319864078206
91.97415816820845 11.566333029110188
89.9130142176098 16.670814999210883
87.85187026701117 13.633970940774276
85.79072631641252 12.95090467125389
83.72958236581388 7.556053591863973
81.66843841521523 11.391146277107767
79.6072944646166 10.465827850118957
77.54615051401797 3.872309969428809
75.48500656341932 13.98737483932558
73.42386261282068 9.856487796075713
71.36271866222204 11.09758959890185
69.3015747116234 13.23599584945221
67.24043076102475 18.943904961789368
65.17928681042612 10.502732417437306
63.11814285982747 8.843193931617764
61.05699890922883 21.257705823165765
58.9958549586302 15.25757339836057
56.934711008031556 15.188661454106935
54.873567057432915 16.212714535948194
52.812423106834274 16.312752673089776
50.75127915623563 17.393882922226783
48.690135205636984 9.390085246938177
46.62899125503834 13.735532550531207
44.56784730443971 9.68537819490803
42.50670335384107 15.491602207077541
40.44555940324243 13.802073288330583
38.384415452643786 11.291558352513345
36.323271502045145 20.547396398876288
34.262127551446504 13.081169036291882
32.20098360084786 12.400970691684794
30.139839650249222 19.61601601516714
28.078695699650584 26.79082880991849
26.017551749051943 24.62710631537957
23.956407798453295 37.085366688285035
21.895263847854658 39.08588804226875
19.834119897256016 39.703469243589794
17.772975946657375 55.324874181987745
15.711831996058734 67.78239921647256
13.650688045460095 83.48768139829394
11.589544094861454 96.4242774266464
9.528400144262815 105.49926095402569
7.4672561936641735 100.0182599950624
5.4061122430655315 106.46920057784835
3.3449682924668904 106.36557928773144
1.2838243418682502 105.08815772584356
-0.7773196087303905 94.63816649197226
-2.8384635593290315 89.23393059270893
-4.899607509927672 74.2706437732073
-6.960751460526312 72.905887427615
-9.021895411124953 61.578622981480486
-11.083039361723593 45.52113723242953
-13.144183312322236 50.44047837683761
-15.205327262920877 49.67474418334623
-17.26647121351952 35.7721457242796
-19.327615164118157 41.292164426290945
-21.388759114716798 46.85349431383126
-23.44990306531544 39.19677852303122
-25.51104701591408 40.34286308902963
-27.572190966512718 38.105707227847354
-29.63333491711136 35.737756742836524
-31.69447886771 31.58710713482936
-33.755622818308645 32.29942105760773
-35.816766768907286 30.118327587216566
-37.87791071950592 26.12988972176666
-39.93905467010456 24.629774781895787
-42.0001986207032 23.428735457439853
-44.06134257130184 25.98834533307249
-46.122486521900484 39.503403837143786
-48.18363047249913 38.30489039396936
-50.24477442309777 22.808360694324758
-52.30591837369641 31.290305915214923
-54.36706232429505 34.3859515463669
-56.42820627489369 36.430478123648705
-58.48935022549233 35.38448188589183
-60.55049417609097 37.20331928662684
-62.61163812668961 55.717499729086065
-64.67278207728826 50.890188005603534
-66.7339260278869 48.86291852697051
-68.79506997848554 55.814046335920345
-70.85621392908418 48.56959799405401
-72.91735787968281 48.59198463337573
-74.97850183028146 47.06262791338432
-77.0396457808801 46.76064113465618
-79.10078973147874 29.99348692469449
-81.16193368207738 32.448443258532414
-83.22307763267602 31.91721077570806
-85.28422158327466 18.86956824041191
-87.34536553387329 9.869727009311012
-89.40650948447194 26.90235737330428
-91.46765343507057 21.852131660063534
-93.52879738566922 21.65750726542402
-95.58994133626786 21.26001868198512
-97.65108528686652 16.607607029775526
-99.71222923746515 21.548752034666965
-101.77337318806379 24.431418496203243
-103.83451713866243 22.75878845853323
-105.89566108926107 19.67677144407079
-107.95680503985972 9.919600751674134
-110.01794899045835 15.970753306376967
-112.079092941057 13.103993242809
-114.14023689165563 8.514560545129289
-116.20138084225427 18.260092536943084
-118.26252479285291 18.588773723366035
-120.32366874345155 13.506331918680015
-122.3848126940502 14.848251375285242
-124.44595664464883 9.056181513674286
-126.50710059524748 10.287257800362422
-128.5682445458461 18.279791581729732
-130.62938849644476 16.58336211556264
-132.6905324470434 9.536328174137724
-134.75167639764203 12.31253904784732
-136.81282034824068 14.115830458390837
-138.87396429883933 11.937333486404775
-140.93510824943797 11.99449679975908
-142.9962522000366 12.078545155281303
-145.05739615063524 7.244458122368281
-147.11854010123386 16.81815745878671
-149.17968405183254 11.50431699406761
-151.24082800243116 15.03875498635917
-153.3019719530298 16.73729944228399
-155.36311590362845 13.531606104856749
-157.42425985422707 13.345522937409505
-159.48540380482575 16.175336380185716
-161.54654775542437 13.240076404810539
-163.60769170602302 12.762519459133559
-165.66883565662164 10.28357938799814
-167.72997960722032 11.799643118941603
-169.79112355781893 22.547681055567356
-171.85226750841758 14.792410447028084
-173.9134114590162 15.948024660564041
-175.97455540961485 13.016396991145989
-178.0356993602135 11.52076142139852
-180.09684331081215 13.999032371814964
-182.15798726141077 19.88428964403247
-184.21913121200942 17.99897288816609
-186.28027516260804 11.615851101384331
-188.3414191132067 17.561985542316055
-190.40256306380533 13.661411823482869
-192.46370701440398 16.976040830363864
-194.52485096500263 23.23370160775915
-196.58599491560125 21.349014514625082
-198.64713886619992 15.925175610027441
-200.70828281679854 10.54440047983276
-202.7694267673972 15.145164495268869
-204.8305707179958 10.977729465651805
-206.8917146685945 15.658259008811088
-208.9528586191931 17.141887067088753
-211.01400256979176 15.152426136150556
-213.07514652039038 11.479380062372265
-215.13629047098902 20.78526807399556
-217.19743442158767 8.938092443657284
-219.25857837218632 5.747214715139239
-221.31972232278494 10.631944770173174
-223.3808662733836 4.469446970987068
-225.4420102239822 8.532513873571189
-227.50315417458089 16.451481829418544
-229.5642981251795 18.067954126303057
-231.62544207577815 18.298547204224683
-233.6865860263768 10.460184984179554
-235.74772997697545 14.728475050465478
-237.8088739275741 9.10562381458603
-239.87001787817272 11.672213450624264
-241.93116182877137 17.219582877443017
-243.99230577936999 15.375194302370625
-246.05344972996866 16.420098288797767
-248.11459368056728 17.428385164554935
-250.17573763116593 13.798013867653983
-252.23688158176455 14.721154866518898
-254.2980255323632 17.171269833357968
-256.3591694829619 13.62032735477434
-258.42031343356047 18.370240029569718
-260.4814573841591 17.25477270446729
