# BEGINHEADER
# This file contains data from the SALSA 2m radio telescope.
# DATE=2024-11-27T00:17:0013
# GLON and GLAT given in degrees
# GLON=229.9070626209525
# GLAT=-0.20685156902834706
# DATA in two columns below. Col. 1 is velocity relative to LSR [km/s]. Col. 2 is uncalibrated antenna temperature [K].
# ENDHEADER
265.2261443162341 7.856097483078789
263.1650003656354 14.109190939239593
261.10385641503683 12.075209095120853
259.0427124644382 12.783344062857578
256.98156851383953 12.976033522075912
254.9204245632409 12.852867754260348
252.85928061264227 12.818250954067192
250.79813666204362 13.29318443349489
248.73699271144497 11.852597149721262
246.67584876084635 13.654522762423735
244.6147048102477 14.49499113411856
242.55356085964905 12.860060400296963
240.4924169090504 12.489124480469275
238.43127295845176 13.153976420824565
236.37012900785314 14.16437551868774
234.3089850572545 12.338031624673292
232.24784110665584 13.853627337663683
230.1866971560572 12.071788750311116
228.12555320545857 13.225511807692303
226.06440925485992 13.546733349058238
224.0032653042613 12.53655713512547
221.94212135366263 12.591758090332453
219.880977403064 13.37773536933182
217.81983345246536 14.688349106011797
215.75868950186674 13.096811737919985
213.6975455512681 13.289053083554617
211.63640160066944 13.28617368305974
209.5752576500708 11.587660539879936
207.51411369947218 13.700146402764203
205.45296974887353 14.166316960138348
203.39182579827488 12.485517173304306
201.33068184767623 13.762762564268622
199.26953789707758 14.803253513829738
197.208393946479 13.633214504071866
195.14724999588032 13.679954192359773
193.0861060452817 14.785748602415003
191.02496209468305 14.122868539199397
188.96381814408443 12.518651218826932
186.90267419348575 13.927588106318689
184.84153024288713 15.300329728696104
182.78038629228848 14.328278736487226
180.71924234168986 16.0657055597491
178.65809839109122 14.175180882154395
176.59695444049257 13.498200994569514
174.53581048989392 15.263900433254065
172.4746665392953 13.828284922439476
170.41352258869665 14.249896456157684
168.35237863809803 12.911876342783923
166.29123468749935 13.682444582868523
164.23009073690073 12.314383341395603
162.1689467863021 13.405554794069452
160.10780283570344 16.302952147305255
158.04665888510482 11.873428897713271
155.98551493450614 14.083892911727213
153.92437098390752 13.70473330142899
151.86322703330887 14.397987672972002
149.80208308271025 14.766306560662983
147.74093913211158 13.110715011723505
145.67979518151296 13.723408061500862
143.6186512309143 14.067998096237151
141.5575072803157 15.187115068307781
139.49636332971704 15.690274380043077
137.4352193791184 14.701139377567726
135.37407542851975 13.872068561494755
133.31293147792113 14.555662700796129
131.25178752732248 16.12949380626955
129.19064357672383 15.446295352092015
127.1294996261252 13.81338201614578
125.06835567552655 16.062345200309487
123.00721172492791 14.91145536226941
120.94606777432926 13.731378856021186
118.88492382373063 14.281769389366257
116.823779873132 14.729016878883423
114.76263592253335 15.079763013942118
112.70149197193471 15.047174981665833
110.64034802133607 15.438905445342483
108.57920407073743 15.692739332686251
106.51806012013878 16.216341671670246
104.45691616954015 17.350445260294705
102.3957722189415 17.990078116634308
100.33462826834285 17.011501889138355
98.27348431774422 16.392250813406715
96.21234036714557 17.564118228335172
94.15119641654694 17.742416109046744
92.09005246594829 19.542726921600465
90.02890851534966 21.174027812978427
87.96776456475102 23.497091604815832
85.90662061415237 26.395821503900148
83.84547666355374 29.84285733808873
81.78433271295509 29.93361447778787
79.72318876235646 33.86670844659101
77.66204481175781 36.835629968191554
75.60090086115918 43.285038155898164
73.53975691056054 48.25242015530421
71.4786129599619 52.136393995249946
69.41746900936326 57.251151780229065
67.35632505876461 56.493000910650004
65.29518110816598 51.52106739854025
63.23403715756733 48.03661646887147
61.17289320696869 46.65690983440168
59.11174925637005 42.688119229910185
57.050605305771406 43.317844741725516
54.98946135517277 46.41358729830179
52.92831740457412 45.659389285534196
50.86717345397548 52.21808517157325
48.80602950337684 54.858347063863484
46.7448855527782 55.61752041114617
44.68374160217956 59.293612506683864
42.62259765158092 63.270791123590655
40.561453700982284 61.40172429045795
38.50030975038364 62.710533637311826
36.439165799785 58.87395541182951
34.378021849186354 49.94264391358102
32.31687789858771 45.08807490637208
30.255733947989075 47.40763309444851
28.194589997390434 51.95341941883996
26.133446046791793 55.63200572123566
24.07230209619315 62.187786215010114
22.01115814559451 70.67537227227605
19.950014194995866 76.85963408211768
17.88887024439723 78.80489269565358
15.827726293798587 75.09774172816533
13.766582343199948 63.802515439144045
11.705438392601307 53.538124528852535
9.644294442002666 43.8214854710459
7.583150491404026 38.53043654707073
5.522006540805385 38.50425452140386
3.4608625902067436 52.08547820497276
1.3997186396081027 53.1802751414655
-0.6614253109905381 46.32246693642115
-2.7225692615891792 30.731775139988983
-4.78371321218782 23.908629693872555
-6.84485716278646 18.96288331579111
-8.9060011133851 16.646558388124955
-10.967145063983743 13.930386864883552
-13.028289014582384 15.714959466425025
-15.089432965181024 14.916481601595747
-17.150576915779663 14.296043593224091
-19.211720866378307 15.362228197621533
-21.27286481697695 13.19450492939501
-23.334008767575586 14.39452442862434
-25.395152718174224 12.944727560643674
-27.456296668772865 14.337982787041065
-29.51744061937151 14.274733694524654
-31.578584569970147 13.677039466017732
-33.63972852056879 13.323287205953873
-35.70087247116743 14.512504400475773
-37.76201642176607 13.655727063022463
-39.82316037236471 13.265836118077841
-41.884304322963345 10.189454350518822
-43.94544827356199 12.435602983106985
-46.006592224160634 14.477445434824926
-48.067736174759276 14.394683467576225
-50.12888012535792 13.4968379066775
-52.19002407595656 13.857635904018451
-54.2511680265552 13.856275408613099
-56.31231197715383 13.71960356348164
-58.373455927752474 11.017762428525234
-60.434599878351115 12.775146689593967
-62.49574382894976 12.353013390841134
-64.5568877795484 12.832584161701424
-66.61803173014704 13.478691964136894
-68.67917568074569 12.558931004581389
-70.74031963134432 13.210335007259776
-72.80146358194297 11.825295231449388
-74.8626075325416 10.912029516526419
-76.92375148314024 12.123507088749431
-78.98489543373888 12.016915456164982
-81.04603938433752 12.256712608429234
-83.10718333493617 13.360935490501
-85.1683272855348 13.189485237382558
-87.22947123613345 12.077768761768052
-89.29061518673208 10.371168163417314
-91.35175913733073 12.08919230352585
-93.41290308792938 11.481161456409259
-95.47404703852801 12.540509247465051
-97.53519098912666 11.757440266829354
-99.5963349397253 11.899937279740683
-101.65747889032394 12.392950668027266
-103.71862284092258 10.639516946434162
-105.77976679152121 11.983151564455914
-107.84091074211986 11.567733975530729
-109.9020546927185 12.523934414194457
-111.96319864331714 12.281699765809975
-114.02434259391578 12.035329442778469
-116.08548654451442 10.641417830780407
-118.14663049511306 11.693371231746724
-120.20777444571169 12.781769328080573
-122.26891839631034 13.218927072436042
-124.33006234690897 11.91830303787103
-126.39120629750762 12.574687310304784
-128.45235024810626 13.09287152766987
-130.5134941987049 11.174520838560378
-132.57463814930352 11.828204492795276
-134.6357820999022 13.306232848739851
-136.69692605050082 11.927301311421973
-138.75807000109947 10.886127119839886
-140.8192139516981 11.220657252125932
-142.88035790229677 11.843453631892675
-144.94150185289539 12.155612616870037
-147.00264580349403 11.12193995333242
-149.06378975409268 12.496819650182093
-151.1249337046913 11.004472992386566
-153.18607765528998 12.2078797193598
-155.2472216058886 10.627367075414409
-157.30836555648725 11.87855543393029
-159.36950950708587 12.040001031101797
-161.4306534576845 12.689112096786568
-163.49179740828316 11.538514358727218
-165.5529413588818 14.74238941305869
-167.61408530948043 13.580447380905017
-169.67522926007908 12.071450188792168
-171.73637321067773 12.126783221496913
-173.79751716127637 12.733446552019682
-175.858661111875 11.739801237122151
-177.91980506247364 13.280090818113536
-179.98094901307226 12.633286429429152
-182.04209296367094 12.864512679465355
-184.10323691426956 13.73879424845061
-186.1643808648682 13.193245920041425
-188.22552481546685 12.594387576074066
-190.28666876606547 12.146014643556658
-192.34781271666415 12.340458911389158
-194.40895666726277 10.509781350463346
-196.47010061786142 12.431396501897165
-198.53124456846007 10.195068172587199
-200.59238851905872 12.432625206872839
-202.65353246965734 12.794401874846631
-204.714676420256 12.751203770839442
-206.77582037085463 13.868765804293343
-208.83696432145328 13.306654355107572
-210.8981082720519 13.08770792538636
-212.95925222265058 13.267902587401936
-215.0203961732492 12.659693636227763
-217.08154012384784 13.91289355220252
-219.14268407444646 13.742757942006458
-221.2038280250451 14.535764502811418
-223.26497197564376 13.464813926682728
-225.3261159262424 14.954840591016225
-227.38725987684106 11.862174821835183
-229.44840382743968 14.225009361048006
-231.50954777803832 12.390608234611822
-233.57069172863697 14.201884406663375
-235.63183567923562 13.880082410536081
-237.69297962983424 13.043802457074417
-239.7541235804329 14.997655678967936
-241.81526753103154 13.395282479952114
-243.87641148163019 13.836447875949252
-245.9375554322288 13.378543538535988
-247.99869938282745 13.074347433513564
-250.05984333342607 14.156808587815789
-252.12098728402475 15.222150857584936
-254.18213123462337 15.498387647575358
-256.243275185222 13.774914148705564
-258.30441913582064 13.643530359359481
-260.3655630864193 13.906375838853151
