# BEGINHEADER
# This file contains data from the SALSA 2m radio telescope.
# DATE=2024-11-26T23:55:0040
# GLON and GLAT given in degrees
# GLON=89.74328477515739
# GLAT=0.02494843789207571
# DATA in two columns below. Col. 1 is velocity relative to LSR [km/s]. Col. 2 is uncalibrated antenna temperature [K].
# ENDHEADER
265.38973740675 9.125273981033766
263.32859345615134 18.785783461080474
261.2674495055527 12.324990294646836
259.20630555495404 9.111897859884012
257.1451616043554 10.957762922844541
255.08401765375675 12.28237069512897
253.02287370315813 7.81317138446731
250.96172975255948 12.366100743026797
248.90058580196086 12.06472721560683
246.8394418513622 17.791056968910922
244.77829790076356 10.589956546092925
242.7171539501649 3.6377676590360957
240.6560099995663 15.945105275229388
238.59486604896765 16.468670300247947
236.53372209836897 17.93444096612057
234.47257814777035 14.2385238698166
232.4114341971717 17.25921885090764
230.35029024657308 10.409801219396805
228.28914629597443 8.478900112404453
226.22800234537578 8.665270996874249
224.16685839477714 9.551801161973717
222.10571444417852 15.874883547184782
220.04457049357987 15.046474549701486
217.98342654298125 20.620065957826867
215.92228259238257 12.020397671622712
213.86113864178395 9.736283300212051
211.7999946911853 12.6508591649304
209.73885074058668 12.563848069237688
207.677706789988 10.604307688137627
205.6165628393894 10.820788172865925
203.55541888879074 19.88151711017018
201.49427493819212 11.701888572946286
199.43313098759347 11.625693900557838
197.3719870369948 14.149181408516897
195.31084308639615 16.962793758598497
193.2496991357975 14.638453061112699
191.18855518519888 17.466627204003576
189.12741123460023 15.445082695807848
187.0662672840016 13.520355424738808
185.00512333340293 15.347617474213141
182.94397938280432 15.98309974159874
180.88283543220567 16.722884696910633
178.82169148160705 12.781663049987204
176.7605475310084 14.330064263211948
174.69940358040975 11.978478882788405
172.6382596298111 13.380560358548777
170.57711567921248 8.351491510363571
168.51597172861383 7.399530556399193
166.4548277780152 16.25093518982176
164.39368382741654 3.9442533173859804
162.3325398768179 14.036629233196903
160.27139592621927 12.811209927871452
158.21025197562062 8.910123845348517
156.14910802502197 16.11417753395948
154.08796407442333 11.962408285020706
152.0268201238247 10.86158606594437
149.96567617322606 10.704863054006529
147.90453222262744 12.180845388501341
145.84338827202876 19.925814884781868
143.78224432143014 11.414688841479276
141.7211003708315 10.363248893131972
139.65995642023287 7.704407381094845
137.5988124696342 11.678866502020657
135.53766851903558 8.884794942055768
133.47652456843693 12.537449289964957
131.4153806178383 10.524720709597299
129.35423666723966 12.340813455233018
127.29309271664101 16.412079426665816
125.23194876604236 12.297510298188309
123.17080481544373 11.90408282897893
121.1096608648451 12.642189150548631
119.04851691424645 8.431213997795105
116.98737296364781 12.465096311946352
114.92622901304917 13.250766743239529
112.86508506245053 14.4109812252605
110.80394111185188 16.402396745626543
108.74279716125325 7.7909445874155745
106.68165321065462 9.560216609944401
104.62050926005595 4.662841418881059
102.55936530945732 5.7878122376949035
100.49822135885867 11.263896558102523
98.43707740826005 13.164174685774295
96.3759334576614 14.347668201558843
94.31478950706277 5.658136190647606
92.25364555646412 7.890855984340422
90.19250160586549 4.253249431853063
88.13135765526685 12.603703760064462
86.0702137046682 11.53569794151676
84.00906975406957 13.238715359761363
81.94792580347092 9.321293778507336
79.88678185287229 8.318201208965522
77.82563790227364 5.070801548262195
75.76449395167501 7.309542791342792
73.70335000107637 5.186689522860762
71.64220605047772 16.237060594994702
69.58106209987909 9.331171958103013
67.51991814928044 12.368833776605552
65.4587741986818 19.590059096778052
63.39763024808316 11.90235122081819
61.33648629748452 17.875695703884364
59.27534234688588 12.383600441308792
57.21419839628724 5.533370835814941
55.15305444568859 5.931230323939928
53.091910495089955 6.619573893284632
51.030766544491314 9.344621704176904
48.96962259389267 16.481363111293152
46.90847864329403 9.587728406517577
44.84733469269539 12.221088721238997
42.78619074209675 16.125250985353208
40.72504679149811 9.957394770603338
38.663902840899475 8.153523238000147
36.60275889030083 17.49949777426369
34.541614939702185 16.84449279791966
32.480470989103544 10.383633060766984
30.419327038504903 15.650582060034921
28.358183087906266 4.569690686764488
26.297039137307625 11.778319151468251
24.235895186708984 16.851511545946824
22.174751236110342 5.322172023047626
20.1136072855117 14.452080786597541
18.05246333491306 15.72338205107552
15.991319384314421 24.885655527152004
13.93017543371578 28.0936028669399
11.869031483117137 37.118959134159454
9.807887532518496 48.7985734141841
7.746743581919856 68.62682667265902
5.685599631321215 75.70245901880693
3.624455680722574 88.91998504956607
1.5633117301239334 88.48776401617718
-0.49783222047470727 83.26631032064462
-2.5589761710733483 87.50569441299317
-4.620120121671989 77.90021290521277
-6.681264072270629 82.1186774631902
-8.742408022869272 86.50903501827365
-10.803551973467911 80.09079922458734
-12.86469592406655 74.55704933404564
-14.925839874665192 79.93150616320348
-16.986983825263835 77.72077974738173
-19.048127775862472 66.50339841355951
-21.109271726461113 68.38414178200712
-23.170415677059754 56.25551567554836
-25.231559627658395 42.43011993253484
-27.292703578257036 55.05341439908438
-29.353847528855677 53.81334965889595
-31.41499147945432 38.14743381967386
-33.476135430052956 56.04570623955277
-35.5372793806516 56.30666444871967
-37.59842333125024 48.37299711169622
-39.65956728184888 63.10359877949673
-41.72071123244753 60.92809994276648
-43.78185518304616 68.10185261942519
-45.8429991336448 63.28290454676528
-47.904143084243444 54.806272618997085
-49.965287034842085 51.24174913406106
-52.026430985440726 61.86067721766082
-54.08757493603937 56.34111785676907
-56.14871888663801 50.52120226558216
-58.20986283723664 53.44391885385541
-60.27100678783529 55.83551243587917
-62.33215073843393 55.494374076402714
-64.39329468903257 55.35382710398487
-66.4544386396312 52.420808047497616
-68.51558259022985 57.631460946659104
-70.57672654082849 62.61958425818152
-72.63787049142714 57.32618176240673
-74.69901444202577 46.31789218767886
-76.76015839262442 50.55254117521766
-78.82130234322305 59.00701564311589
-80.88244629382169 53.773304008511516
-82.94359024442034 54.98874212728062
-85.00473419501897 40.92969463132392
-87.06587814561762 42.40573696561705
-89.12702209621627 43.29747749757624
-91.18816604681491 39.786646196001094
-93.24930999741355 40.91935893507667
-95.31045394801218 35.50029257092252
-97.37159789861083 42.034411325116494
-99.43274184920948 36.694718635425644
-101.49388579980811 31.19540845714671
-103.55502975040676 22.855602388540078
-105.6161737010054 28.359107946748846
-107.67731765160404 26.306615817722058
-109.73846160220268 18.35100088175877
-111.79960555280132 21.887874968739688
-113.86074950339996 22.631854418506606
-115.92189345399859 17.509117224710916
-117.98303740459724 8.32783629380166
-120.04418135519587 10.001763515760432
-122.10532530579452 15.564151034948813
-124.16646925639316 7.839207671865672
-126.22761320699179 18.19560104039373
-128.28875715759045 10.604519807291167
-130.34990110818907 12.428921396874479
-132.41104505878772 12.75299614459535
-134.47218900938637 15.48867652424678
-136.53333295998502 8.434970662236987
-138.59447691058364 9.354003675159884
-140.65562086118229 8.966150711562207
-142.7167648117809 4.92451109440111
-144.77790876237958 16.144072548752785
-146.83905271297823 10.994722192991219
-148.90019666357685 13.351289490417239
-150.9613406141755 16.89141845296645
-153.02248456477415 10.447375134948732
-155.0836285153728 8.016420838696572
-157.1447724659714 9.912109785161638
-159.20591641657006 9.666073205454255
-161.26706036716868 17.782578849701917
-163.32820431776736 11.258804790730393
-165.38934826836598 14.32082100663354
-167.45049221896463 16.81165507547833
-169.51163616956325 27.1080789838315
-171.5727801201619 10.09509592035581
-173.63392407076054 17.268212542271
-175.6950680213592 13.318774526882187
-177.7562119719578 13.937763497660491
-179.81735592255646 4.331070649279238
-181.87849987315508 6.560104453487429
-183.93964382375376 9.293726935087026
-186.0007877743524 16.89249490667825
-188.06193172495102 20.15301679945529
-190.12307567554967 14.951289138148006
-192.18421962614832 9.542186657401317
-194.24536357674697 11.824712386334744
-196.3065075273456 10.827567987407635
-198.3676514779442 12.762365036761933
-200.42879542854286 8.00175131419574
-202.4899393791415 1.8798650739168468
-204.55108332974012 3.77967435704719
-206.61222728033877 9.218476886162978
-208.6733712309374 18.569399002425293
-210.73451518153607 17.544177161490584
-212.7956591321347 19.42388171864315
-214.85680308273334 12.578988397196182
-216.91794703333196 20.270077316463396
-218.97909098393063 14.357942901397045
-221.04023493452925 10.7292760258152
-223.1013788851279 4.815174765814077
-225.16252283572655 17.37521305809742
-227.22366678632517 16.618579728109136
-229.28481073692384 11.59062524485084
-231.34595468752246 10.810012212864933
-233.4070986381211 13.592100122473976
-235.46824258871973 8.832567162415595
-237.52938653931838 2.989045705491442
-239.59053048991703 7.710266514951519
-241.65167444051568 12.668940432109297
-243.7128183911143 6.851371145927072
-245.77396234171295 9.115707289362254
-247.8351062923116 14.717523104170997
-249.89625024291024 11.304152529083819
-251.95739419350886 10.218541101920945
-254.0185381441075 9.899141614261023
-256.07968209470613 11.134406462867945
-258.1408260453048 13.926633242017012
-260.2019699959034 18.23875012817583
