# BEGINHEADER
# This file contains data from the SALSA 2m radio telescope.
# DATE=2024-11-27T00:14:0017
# GLON and GLAT given in degrees
# GLON=209.79137944030944
# GLAT=-0.23979040090353473
# DATA in two columns below. Col. 1 is velocity relative to LSR [km/s]. Col. 2 is uncalibrated antenna temperature [K].
# ENDHEADER
265.4937936191651 5.607099439037327
263.4326496685664 16.673854229977092
261.3715057179678 12.895274124835826
259.31036176736916 13.09005273728542
257.2492178167705 12.645185086582927
255.18807386617186 11.575971757108535
253.1269299155732 17.868203189860626
251.0657859649746 20.213372559213553
249.00464201437595 12.630950170018304
246.9434980637773 14.398510148684187
244.88235411317865 26.0770070109821
242.82121016258003 9.718258273311976
240.76006621198138 15.192972802762931
238.69892226138276 15.124141605509704
236.63777831078409 14.07002216520846
234.57663436018544 6.846691921887482
232.51549040958682 9.502017391359143
230.45434645898817 16.361496665407724
228.39320250838955 12.68447027595545
226.33205855779087 25.186303754754206
224.27091460719225 10.888830798508312
222.2097706565936 10.156001467026087
220.14862670599499 13.22780544076818
218.0874827553963 19.181978929710173
216.0263388047977 15.40650100148495
213.96519485419904 16.759609910819794
211.90405090360042 11.357010544006505
209.84290695300177 18.667820282400235
207.78176300240312 6.467174039908501
205.72061905180448 9.724029802574865
203.65947510120586 16.091545010446126
201.5983311506072 8.44424495764317
199.5371872000086 8.035591663126459
197.4760432494099 6.118716357714092
195.41489929881126 10.846616030749477
193.35375534821264 11.825141439674349
191.292611397614 11.108618230602895
189.23146744701538 21.64505929466113
187.1703234964167 8.70696394911961
185.10917954581808 9.62796750835991
183.04803559521943 15.364953386097238
180.9868916446208 8.370292128408735
178.92574769402214 11.407205840190617
176.86460374342352 22.93790538111165
174.80345979282487 11.527493734887857
172.74231584222625 16.43327807985365
170.6811718916276 9.451823854349287
168.62002794102895 13.97902750407552
166.5588839904303 16.50053801541859
164.49774003983168 4.330036768407325
162.43659608923303 18.243690919213503
160.37545213863442 19.622015204825654
158.31430818803574 10.180332198913476
156.2531642374371 10.764934277084881
154.19202028683847 12.185136352721019
152.13087633623982 11.475863382385304
150.06973238564117 12.07135337370222
148.00858843504253 13.32129126519909
145.9474444844439 8.39836458145994
143.88630053384526 10.398916236320124
141.82515658324664 6.729229197244812
139.76401263264796 8.980686116658713
137.70286868204934 14.146038410052508
135.6417247314507 8.35539294438439
133.58058078085207 14.605106159971722
131.51943683025343 15.845417824519984
129.45829287965478 9.969148012041597
127.39714892905613 20.627172018148865
125.3360049784575 11.877764434754978
123.27486102785885 14.574274530645608
121.21371707726021 15.849556254262435
119.15257312666158 14.939087848179195
117.09142917606293 17.160933792907876
115.0302852254643 13.202546876404869
112.96914127486565 13.358624587430644
110.90799732426701 9.503673157284101
108.84685337366837 17.36490693608152
106.78570942306973 18.189414431633086
104.7245654724711 12.445112363118033
102.66342152187245 16.5500414705647
100.60227757127382 16.720931399802414
98.54113362067517 13.344861854552759
96.47998967007653 7.220139927449468
94.41884571947789 12.089488245722615
92.35770176887925 13.136378735631785
90.2965578182806 18.29421230541659
88.23541386768197 10.924901624990051
86.17426991708334 11.223332539622282
84.11312596648469 18.96380664453505
82.05198201588605 14.144614892642208
79.9908380652874 14.177990833791963
77.92969411468877 10.361239650124755
75.86855016409012 5.020021146143674
73.80740621349149 12.43473021745279
71.74626226289286 13.11978107652684
69.68511831229421 14.910131674710266
67.62397436169557 17.192497546171552
65.56283041109693 17.955897040219725
63.501686460498284 18.870173225171754
61.44054250989964 13.347720063422338
59.379398559301 27.6833246909616
57.31825460870236 31.99559128065188
55.25711065810372 27.010112891493346
53.19596670750508 41.37142618987972
51.13482275690644 46.18055229935764
49.07367880630779 54.31734341982526
47.01253485570915 68.85161299392352
44.95139090511051 64.1590273902569
42.890246954511866 85.30509745799803
40.82910300391323 87.72297756174125
38.76795905331459 74.20609120074789
36.70681510271595 73.81487061792234
34.64567115211731 77.71520971331636
32.58452720151867 71.4729479872507
30.523383250920027 79.14991237013177
28.462239300321386 80.50261638887734
26.40109534972274 76.16135307632109
24.339951399124104 72.5861677472895
22.278807448525466 80.17650971902243
20.217663497926825 82.1247056032485
18.156519547328184 72.09356532950726
16.095375596729543 99.1841349568728
14.0342316461309 85.95532288454008
11.973087695532259 89.97324006492896
9.911943744933618 92.1291637791209
7.850799794334978 84.53675829216265
5.7896558437363375 78.48824847411555
3.7285118931376964 59.77788078278565
1.6673679425390557 50.68907329981211
-0.39377600805958496 32.77668574302413
-2.454919958658226 29.68445279269149
-4.516063909256866 24.443032858007204
-6.577207859855508 21.24583014774986
-8.638351810454148 16.191378229455484
-10.69949576105279 20.84732726556273
-12.760639711651429 12.106797767068121
-14.82178366225007 20.84087666516089
-16.88292761284871 10.084392554228321
-18.94407156344735 18.63239151341114
-21.00521551404599 22.77289141368941
-23.066359464644634 12.135824528318748
-25.127503415243275 14.983478585707575
-27.188647365841916 15.859997872212494
-29.249791316440557 8.731121787527469
-31.3109352670392 13.754297698332417
-33.37207921763784 14.626307982773193
-35.43322316823648 18.65575506636288
-37.49436711883512 17.63675617537219
-39.55551106943376 11.887070521312381
-41.6166550200324 17.653952949391865
-43.67779897063104 18.921375347915884
-45.738942921229686 14.607064318955533
-47.80008687182833 10.621630931584198
-49.86123082242696 10.780434799917487
-51.9223747730256 15.533999342839005
-53.98351872362424 21.272990446830992
-56.044662674222884 15.522080979918098
-58.105806624821525 7.5638570551045
-60.16695057542016 13.783678480966891
-62.2280945260188 10.766987404825452
-64.28923847661744 12.459274470119366
-66.35038242721609 20.186087184103158
-68.41152637781472 11.561950978335192
-70.47267032841337 11.815374701726462
-72.533814279012 16.481953576656654
-74.59495822961065 10.216653436439131
-76.65610218020929 12.391226465245232
-78.71724613080794 12.473593198936525
-80.77839008140657 13.705742904471595
-82.8395340320052 11.44441894472868
-84.90067798260385 7.5185801522897036
-86.96182193320249 7.773768271061244
-89.02296588380113 8.796113799245138
-91.08410983439977 1.2542604021125874
-93.14525378499842 10.166054757867624
-95.20639773559706 11.04222417239839
-97.2675416861957 7.788130635624953
-99.32868563679436 0.4611778445033327
-101.389829587393 15.540669251112503
-103.45097353799163 13.296672834494812
-105.51211748859028 11.581058350593185
-107.57326143918891 12.113155934643848
-109.63440538978756 4.9291910055022194
-111.6955493403862 7.5575171939760875
-113.75669329098484 10.52550233996017
-115.81783724158348 10.413284350562266
-117.87898119218211 11.753948543475826
-119.94012514278076 15.068740145013045
-122.00126909337939 8.039503005169273
-124.06241304397804 20.010858252066825
-126.12355699457667 10.10618623851093
-128.1847009451753 7.514104987131508
-130.24584489577396 5.066001810717435
-132.3069888463726 12.297584759788888
-134.36813279697125 5.6260660858252685
-136.42927674756987 18.66699925197204
-138.49042069816852 18.925186736747456
-140.55156464876717 12.430208202249846
-142.61270859936582 8.682162988784345
-144.67385254996444 11.996737180687264
-146.73499650056308 8.695456069969264
-148.7961404511617 4.32202186169058
-150.85728440176038 19.419472418515415
-152.91842835235903 15.842009632806542
-154.97957230295765 13.643542942640785
-157.0407162535563 12.26684422391063
-159.10186020415492 10.06662110682366
-161.1630041547536 12.30043512155925
-163.2241481053522 11.806546029415058
-165.28529205595086 11.584973040542739
-167.34643600654948 8.556397815388216
-169.40757995714816 11.262977044464067
-171.46872390774678 9.394650020420894
-173.52986785834543 10.322313447150371
-175.59101180894405 17.324935545886845
-177.6521557595427 9.215922323417749
-179.71329971014134 12.434456775452944
-181.77444366074 4.43256816452819
-183.8355876113386 8.707409959699634
-185.89673156193726 14.993776851566421
-187.95787551253588 10.94222743740154
-190.01901946313455 8.099821013025942
-192.0801634137332 11.6176536921943
-194.14130736433182 15.502615478405808
-196.20245131493047 2.3931555173399595
-198.2635952655291 11.349423763277121
-200.32473921612777 20.449242654984655
-202.3858831667264 7.536227718279899
-204.44702711732504 18.892858500265636
-206.50817106792366 6.658109607116953
-208.56931501852233 11.14966355870662
-210.63045896912095 13.674389950973527
-212.6916029197196 19.931820890872963
-214.75274687031822 15.04339279263031
-216.81389082091687 5.726060780668615
-218.87503477151552 5.060840622679368
-220.93617872211416 6.902163675146969
-222.99732267271278 8.054168996265057
-225.05846662331143 8.725192264184248
-227.11961057391005 13.111741774261876
-229.18075452450873 22.062821690979966
-231.24189847510738 15.915234685508906
-233.303042425706 15.613461889308121
-235.36418637630464 18.15242229286527
-237.4253303269033 21.440922747794744
-239.48647427750194 17.25960180292622
-241.54761822810056 15.717253541429624
-243.6087621786992 13.589894818834196
-245.66990612929783 9.321525192997756
-247.7310500798965 1.398087294160976
-249.79219403049512 17.363694487137163
-251.85333798109377 14.973577404942324
-253.9144819316924 16.45937053895365
-255.97562588229104 13.288267979990149
-258.0367698328897 20.43542726506701
-260.0979137834883 19.610687959225025
