# BEGINHEADER
# This file contains data from the SALSA 2m radio telescope.
# DATE=2024-11-26T23:14:0023
# GLON and GLAT given in degrees
# GLON=79.81683292742768
# GLAT=0.06017371793637724
# DATA in two columns below. Col. 1 is velocity relative to LSR [km/s]. Col. 2 is uncalibrated antenna temperature [K].
# ENDHEADER
265.25218330919233 8.447383503115223
263.1910393585936 11.852274686920039
261.12989540799504 8.009708857627121
259.0687514573964 8.9995432484079
257.00760750679774 10.588442731846207
254.94646355619912 13.381288427300001
252.88531960560044 12.83527929923991
250.8241756550018 17.725307927786055
248.76303170440318 18.198192784881158
246.70188775380453 12.414902374648698
244.6407438032059 16.46252830743905
242.57959985260723 18.68720915575438
240.5184559020086 6.39791999873311
238.45731195140996 8.88952730389325
236.39616800081134 8.418058232807738
234.3350240502127 12.14777456884025
232.27388009961405 10.623133751896617
230.2127361490154 13.0802168171691
228.15159219841678 12.103661834536366
226.09044824781813 10.931446026797241
224.02930429721948 13.400165113227413
221.96816034662083 14.072653349901529
219.90701639602221 10.657797948871035
217.84587244542357 10.03555756688634
215.78472849482495 14.033321411967515
213.72358454422627 9.909529031159392
211.66244059362762 7.630913294739565
209.601296643029 13.972912721370335
207.54015269243035 5.728283295609766
205.47900874183173 7.825342345402082
203.41786479123306 6.111625323621129
201.35672084063444 15.399906115265685
199.2955768900358 6.35141913037789
197.23443293943714 12.13383846882785
195.1732889888385 15.496673121186323
193.11214503823987 10.025931543002367
191.0510010876412 14.869908544856603
188.98985713704258 11.427461300505184
186.92871318644393 8.205791180152186
184.8675692358453 8.495137664053932
182.80642528524663 8.482270639438106
180.745281334648 16.71668286872455
178.68413738404936 3.858560062055462
176.62299343345074 11.317142795510629
174.5618494828521 9.457420314959528
172.50070553225342 5.963027527143599
170.4395615816548 7.9383329366444855
168.37841763105615 10.076461136881926
166.31727368045753 15.102195425952575
164.25612972985888 6.279444269311664
162.19498577926024 11.722071860173454
160.1338418286616 13.165958586287712
158.07269787806297 10.033823711339899
156.01155392746432 10.628831557810878
153.9504099768657 11.066014346169366
151.88926602626702 17.125857187360868
149.8281220756684 14.542097152988076
147.76697812506976 17.898707412981384
145.70583417447114 8.169662000608657
143.64469022387246 17.862241671655674
141.58354627327384 15.887687638132602
139.5224023226752 12.886673032161108
137.46125837207657 10.559646049533587
135.40011442147792 10.146643730167902
133.33897047087925 7.014095451218493
131.27782652028063 13.493698566013434
129.21668256968198 16.374073460302597
127.15553861908334 6.870487468694259
125.09439466848471 15.023779834872554
123.03325071788608 15.30223849795566
120.97210676728743 11.809445675577074
118.9109628166888 11.687952389219816
116.84981886609013 12.091604224468504
114.7886749154915 6.925085849879108
112.72753096489286 5.911633400339732
110.66638701429422 11.298622198142498
108.60524306369558 14.167793336188101
106.54409911309693 13.977867307568383
104.4829551624983 8.143744571611547
102.42181121189965 11.606676097948434
100.36066726130102 10.610151420994587
98.29952331070238 13.398466673967915
96.23837936010375 15.162233293505238
94.1772354095051 7.378020525165838
92.11609145890647 11.900584701238579
90.05494750830783 12.325470673088041
87.99380355770919 15.22527910808208
85.93265960711055 8.88140694616783
83.8715156565119 12.06722861018337
81.81037170591327 9.855661085571667
79.74922775531462 12.584075244310087
77.68808380471597 13.144298560174478
75.62693985411734 6.7365294274215834
73.56579590351869 4.070290163862963
71.50465195292006 12.989964161961714
69.44350800232141 9.312415902990848
67.38236405172277 9.770382737606703
65.32122010112414 8.500011091144875
63.26007615052549 16.10741631407431
61.19893219992685 12.803537198753286
59.13778824932821 6.120048548158034
57.076644298729576 17.702495693230937
55.015500348130935 15.797663794174767
52.954356397532294 10.97781528640145
50.89321244693365 10.019362144636522
48.832068496335 13.822231417532219
46.770924545736364 5.484999615043728
44.70978059513772 10.42548660649711
42.64863664453908 16.66179848403562
40.58749269394044 12.27028825597751
38.5263487433418 6.57039261477456
36.46520479274316 6.293353094030605
34.40406084214452 4.674086305340249
32.342916891545876 16.417422398856214
30.281772940947235 19.4211687311802
28.220628990348597 17.638365613970663
26.159485039749956 23.413282165787376
24.09834108915131 15.62643651811565
22.037197138552674 25.694538745201967
19.976053187954033 34.778817848029874
17.914909237355392 54.35398031217252
15.853765286756751 65.61921865776547
13.79262133615811 85.04406378167485
11.731477385559469 96.490426431893
9.67033343496083 114.21837756820925
7.6091894843621875 118.95154303159273
5.548045533763547 120.13173973525481
3.486901583164906 116.33228197480766
1.4257576325662658 104.15326088757985
-0.635386318032375 109.90247950732189
-2.6965302686310157 115.895163673136
-4.757674219229657 121.56528772779313
-6.818818169828298 114.41985041294333
-8.879962120426939 98.68465105448593
-10.94110607102558 94.85832166677639
-13.00225002162422 73.2061549247944
-15.063393972222862 64.45927526158029
-17.124537922821503 60.55948210528247
-19.18568187342014 45.00454323094213
-21.24682582401878 44.72426126764988
-23.307969774617426 30.88541886996042
-25.369113725216064 34.65092729349887
-27.430257675814705 43.0569971364085
-29.491401626413346 35.248607222671524
-31.552545577011987 41.07154956199849
-33.61368952761063 51.4121624826213
-35.674833478209266 48.80319889468092
-37.73597742880791 48.685436040109614
-39.79712137940655 48.93076070486222
-41.85826533000519 51.09306926646825
-43.91940928060383 52.82045497379701
-45.98055323120247 56.486944340868384
-48.04169718180112 51.167952852093464
-50.10284113239975 43.59187246215848
-52.163985082998394 35.72301385684065
-54.22512903359703 32.304054156021486
-56.28627298419567 37.132405505657495
-58.34741693479431 26.816775739409355
-60.40856088539295 39.21723285136898
-62.46970483599159 36.68875383235372
-64.53084878659024 29.778381259500332
-66.59199273718887 45.143252080755275
-68.65313668778751 56.408085541937034
-70.71428063838616 55.66902664982608
-72.77542458898479 52.10169098538221
-74.83656853958342 48.57375668051499
-76.89771249018209 52.13122150768281
-78.95885644078072 44.9266546780383
-81.02000039137937 42.234606570062944
-83.081144341978 46.576438940149544
-85.14228829257665 33.45706487304421
-87.20343224317529 29.276451579101945
-89.26457619377392 35.173818329570544
-91.32572014437257 28.962472321544134
-93.3868640949712 21.511327641825186
-95.44800804556985 19.918639589595898
-97.50915199616848 27.315639135385588
-99.57029594676713 21.472706771110953
-101.63143989736578 16.495703560242923
-103.69258384796441 16.39737640254005
-105.75372779856306 20.59046557428451
-107.8148717491617 19.009238013356402
-109.87601569976033 14.473018659926407
-111.93715965035898 23.245854925086498
-113.99830360095761 12.175717628872114
-116.05944755155627 6.974072865489033
-118.12059150215491 19.640299519803307
-120.18173545275356 14.746562418185327
-122.24287940335219 16.164144468972754
-124.30402335395083 13.393746030354194
-126.36516730454947 10.040368650675223
-128.4263112551481 2.5205951242594242
-130.48745520574676 10.42939191617207
-132.54859915634538 13.017009680763042
-134.60974310694402 8.666187488818572
-136.67088705754267 11.907901907834848
-138.73203100814132 20.909114640366848
-140.79317495873997 18.641964680162594
-142.8543189093386 12.667979262956347
-144.91546285993724 4.162413988084941
-146.97660681053588 9.89912361686596
-149.03775076113453 12.022265607720838
-151.09889471173315 6.829634550833356
-153.1600386623318 11.06880568973516
-155.22118261293042 14.240266509879149
-157.2823265635291 10.757611181747667
-159.34347051412772 5.352129505112435
-161.40461446472636 4.595575876795677
-163.46575841532498 10.574412865210133
-165.52690236592363 10.248685402467784
-167.58804631652228 14.438996787296002
-169.64919026712093 7.686325467693051
-171.71033421771955 14.592568169200094
-173.7714781683182 11.44090429513876
-175.83262211891687 7.603435070426086
-177.8937660695155 7.763972365699376
-179.95491002011414 16.559801072257763
-182.01605397071276 14.621800399641618
-184.0771979213114 12.511136365265763
-186.13834187191006 10.771608502931993
-188.1994858225087 11.310858003505496
-190.26062977310733 11.587449140777629
-192.32177372370597 7.503391962514715
-194.3829176743046 10.992124122143917
-196.44406162490327 5.548637272782336
-198.50520557550186 11.07149208731127
-200.5663495261005 10.156605704641727
-202.62749347669916 8.989036654683284
-204.6886374272978 19.613254352318222
-206.74978137789643 5.325463449631722
-208.81092532849507 13.927245933633053
-210.8720692790937 18.800501373396234
-212.93321322969237 8.873625081463782
-214.99435718029102 9.473013963626293
-217.05550113088964 6.864843023911426
-219.1166450814883 10.894221436341793
-221.1777890320869 10.259284618257453
-223.23893298268558 8.507349265186905
-225.3000769332842 19.22680685554302
-227.36122088388285 8.134301977990159
-229.42236483448147 15.10207492006875
-231.48350878508015 4.183352603191351
-233.54465273567877 11.322640020129802
-235.60579668627742 16.640783718328493
-237.66694063687603 4.971423434190065
-239.72808458747468 11.17157678181275
-241.78922853807333 9.573975518189828
-243.85037248867198 11.499217725877445
-245.9115164392706 9.75299412188295
-247.97266038986925 8.956901616299062
-250.03380434046787 9.90052372980984
-252.09494829106654 9.646643681215537
-254.1560922416652 19.21062278723878
-256.21723619226384 12.046908172228145
-258.27838014286243 12.455783803194542
-260.3395240934611 9.946394786285184
