# BEGINHEADER
# This file contains data from the SALSA 2m radio telescope.
# DATE=2024-11-26T23:10:0055
# GLON and GLAT given in degrees
# GLON=59.784312081304
# GLAT=0.20979530387846737
# DATA in two columns below. Col. 1 is velocity relative to LSR [km/s]. Col. 2 is uncalibrated antenna temperature [K].
# ENDHEADER
265.0029171192406 7.903643216750323
262.94177316864193 14.695666822668842
260.8806292180433 11.533055919629868
258.81948526744463 13.09481729125248
256.758341316846 11.660147226389613
254.69719736624737 12.934744666171392
252.6360534156487 12.21828571734987
250.57490946505007 12.309348658053349
248.51376551445142 11.730164141918548
246.4526215638528 12.183175971988824
244.39147761325415 12.717393678342518
242.3303336626555 14.288191058955036
240.26918971205686 13.790568505539122
238.20804576145824 13.432613736122557
236.1469018108596 14.149880677329511
234.08575786026094 14.062639439622703
232.0246139096623 13.188315165758462
229.96346995906367 11.631046718912815
227.90232600846502 14.265152740916424
225.8411820578664 12.108642480304509
223.78003810726773 13.943841006800014
221.7188941566691 12.630805178082982
219.65775020607046 13.622774070244944
217.59660625547184 12.992713284428591
215.5354623048732 12.652809672177735
213.47431835427452 13.164410164604579
211.4131744036759 13.36189323317156
209.35203045307725 14.166287706170218
207.29088650247863 11.676275177953551
205.22974255187995 11.430484993102644
203.16859860128133 12.020806536258512
201.10745465068268 14.085632484546457
199.04631070008406 11.27565819647679
196.9851667494854 12.694492029381028
194.92402279888677 11.751823863626585
192.8628788482881 13.262238480728039
190.80173489768947 12.51617895430867
188.74059094709082 11.940624394503228
186.6794469964922 13.848160225908376
184.61830304589355 11.54788879624235
182.5571590952949 13.30143740857798
180.49601514469626 14.284794259645741
178.43487119409764 12.17919692448268
176.373727243499 12.57572533910746
174.31258329290034 12.840439251768233
172.2514393423017 13.183180046572254
170.19029539170305 12.864754166694734
168.12915144110443 13.375915989946947
166.06800749050578 12.546010998839954
164.00686353990713 12.620009420878144
161.94571958930848 12.364895051133356
159.88457563870986 11.789363367948742
157.8234316881112 12.955208226469336
155.7622877375126 12.886309503621552
153.70114378691392 13.565711344924026
151.6399998363153 13.597278212625984
149.57885588571665 11.969317076376543
147.51771193511803 11.416732485094169
145.45656798451938 12.977270721562576
143.39542403392073 13.143263090144202
141.33428008332208 13.920638730012652
139.27313613272347 14.06422562029084
137.21199218212482 12.896136743139268
135.15084823152614 13.355473694902814
133.08970428092752 13.630224138218118
131.02856033032887 13.157300890052161
128.96741637973025 13.889711866926968
126.9062724291316 13.299394336926186
124.84512847853297 13.33610717799179
122.78398452793432 13.4635759284123
120.72284057733569 11.55538911572722
118.66169662673704 13.209702510485505
116.60055267613839 12.349272188982768
114.53940872553976 12.856300880986542
112.47826477494111 11.711356975199108
110.41712082434248 10.819887024466714
108.35597687374383 11.873673151932522
106.2948329231452 9.724937053408457
104.23368897254656 13.21568838745378
102.17254502194791 11.785702697581254
100.11140107134928 13.334792881025965
98.05025712075064 12.660856365567726
95.98911317015201 12.022345450850267
93.92796921955336 12.632238047509686
91.86682526895473 12.11057369562317
89.80568131835608 10.823644912297246
87.74453736775745 11.348374481303885
85.68339341715881 11.429438030165278
83.62224946656016 11.610220868646353
81.56110551596153 11.590867271517842
79.49996156536287 12.235198024623385
77.43881761476423 12.70512020126697
75.37767366416558 11.517930208479124
73.31652971356695 11.037960203279443
71.25538576296832 12.586030255215595
69.19424181236967 11.208956248134724
67.13309786177103 11.708291299881008
65.0719539111724 12.849532787982922
63.01080996057375 10.98576993912463
60.94966600997511 11.207573486918662
58.88852205937647 11.636033728225033
56.82737810877783 9.711535058975478
54.76623415817919 12.196961364785325
52.70509020758055 11.42034976892931
50.643946256981906 13.170805953164182
48.58280230638326 12.581064058067193
46.521658355784616 12.009543157349782
44.460514405185975 12.304377001228819
42.399370454587334 13.28999754702387
40.3382265039887 12.980528878198028
38.27708255339006 12.785327753149735
36.21593860279142 14.640248005117835
34.15479465219278 16.3896252328166
32.09365070159413 16.122393334497577
30.032506750995495 16.054306603898425
27.971362800396854 19.554397610041153
25.91021884979821 22.56713479521315
23.84907489919957 24.91045026470108
21.78793094860093 25.780589822618374
19.72678699800229 27.129024831578864
17.665643047403645 27.172455780138154
15.604499096805007 27.498698710431906
13.543355146206366 30.141265062015194
11.482211195607727 30.149922436617434
9.421067245009086 31.577887874095918
7.359923294410446 31.390222004870466
5.2987793438118045 29.713987875967515
3.2376353932131634 25.947848690874157
1.1764914426145223 22.416420228598096
-0.8846525079841183 22.8538626655263
-2.945796458582759 22.223383773534717
-5.006940409181399 22.75796846311412
-7.068084359780039 19.90156480481913
-9.129228310378682 19.286045750461778
-11.190372260977322 20.560309188000577
-13.251516211575963 18.252905528933375
-15.312660162174605 19.978869366659833
-17.373804112773243 17.80599165451919
-19.434948063371884 18.103151410148666
-21.49609201397053 14.863047650669962
-23.55723596456917 13.499034092356354
-25.618379915167807 16.272399652582617
-27.67952386576645 14.741086500895582
-29.74066781636509 14.470647469514104
-31.80181176696373 13.824393849100973
-33.86295571756237 14.411707274071684
-35.92409966816101 13.982739990977976
-37.985243618759654 14.559624330154815
-40.046387569358295 12.341406405546103
-42.10753151995693 11.852229520824027
-44.16867547055557 14.12822551807954
-46.22981942115422 14.494935697367872
-48.29096337175286 12.965118101546377
-50.35210732235149 13.354478191916861
-52.413251272950134 13.725852596096491
-54.474395223548775 14.334519602888895
-56.53553917414742 14.069478364597577
-58.59668312474606 15.889350483252104
-60.65782707534469 18.387287321883253
-62.71897102594333 17.312855979120677
-64.78011497654198 18.62224236529182
-66.84125892714061 18.342556781022445
-68.90240287773925 17.258697533156816
-70.9635468283379 17.07826497560486
-73.02469077893653 16.832133537412307
-75.0858347295352 16.582320474018136
-77.14697868013383 15.074637048234159
-79.20812263073248 15.304971192397238
-81.26926658133111 16.227761714244778
-83.33041053192974 14.352631842922106
-85.39155448252839 12.558169672318426
-87.45269843312703 11.387175050932408
-89.51384238372567 13.004808760852518
-91.57498633432431 10.68978917272494
-93.63613028492294 11.802326829175376
-95.69727423552159 11.299938513770021
-97.75841818612022 9.483937474317997
-99.81956213671889 12.9449585441868
-101.88070608731752 10.845492941237655
-103.94185003791615 9.639877058261169
-106.0029939885148 11.074869506117988
-108.06413793911344 11.452115019391732
-110.12528188971208 11.185604945809152
-112.18642584031072 11.37802057672402
-114.24756979090937 12.868629532478636
-116.30871374150802 10.315679727511563
-118.36985769210665 10.596825713899799
-120.4310016427053 12.803978019503262
-122.49214559330393 11.45132395697826
-124.55328954390258 11.986468911219976
-126.61443349450121 11.061394363708166
-128.67557744509983 9.165944607392708
-130.73672139569848 10.887332203802602
-132.79786534629713 9.943373999104319
-134.85900929689578 10.781215328199671
-136.92015324749443 11.344151128617822
-138.98129719809307 10.57146461511343
-141.0424411486917 10.566279150787302
-143.10358509929034 11.428501258508703
-145.16472904988896 10.54600876368244
-147.22587300048764 10.393534808063622
-149.28701695108626 9.974292276562604
-151.3481609016849 10.4131864741545
-153.40930485228353 11.30426394956161
-155.4704488028822 10.674312554960848
-157.53159275348082 13.139976746122368
-159.59273670407947 10.635500794432323
-161.6538806546781 10.904859171264505
-163.71502460527674 12.448342222558948
-165.7761685558754 12.091427433553113
-167.83731250647403 12.189862773100455
-169.89845645707265 9.343026769387794
-171.9596004076713 12.947788902248044
-174.02074435826995 12.462127472795462
-176.0818883088686 10.041623260960593
-178.14303225946725 12.29079655509131
-180.20417621006587 12.727156614956264
-182.26532016066452 10.27148721642226
-184.32646411126314 11.640399797363571
-186.3876080618618 11.002036032447158
-188.44875201246043 11.718161662332847
-190.50989596305908 11.123006549460507
-192.5710399136577 12.330296236805161
-194.63218386425638 11.722682687314904
-196.693327814855 13.844142619387878
-198.75447176545362 13.404758326593374
-200.81561571605224 10.666305674500787
-202.8767596666509 12.231123455999112
-204.93790361724953 12.57150090170628
-206.99904756784818 12.909393811729954
-209.0601915184468 12.480081897609628
-211.12133546904545 12.734474002106781
-213.18247941964412 13.386928173384558
-215.24362337024274 15.20279938938745
-217.3047673208414 14.204702101746461
-219.36591127144 13.878749222063242
-221.4270552220387 14.288103049201245
-223.4881991726373 13.411209247251392
-225.54934312323596 12.983145352741928
-227.61048707383458 12.819350051700889
-229.67163102443322 13.332203286464907
-231.73277497503187 13.264901358546973
-233.79391892563052 12.962125677162389
-235.85506287622914 11.795439662903263
-237.9162068268278 11.97935519892829
-239.9773507774264 14.54144997172627
-242.03849472802509 13.792260349820442
-244.0996386786237 13.984806633797806
-246.16078262922235 12.000216669746301
-248.22192657982097 13.557752325543001
-250.28307053041965 14.072869934954953
-252.3442144810183 15.256624326159812
-254.40535843161692 13.10982909636971
-256.46650238221554 14.76464333410367
-258.5276463328142 11.994130841833677
-260.58879028341283 14.238591006955419
