# BEGINHEADER
# This file contains data from the SALSA 2m radio telescope.
# DATE=2024-11-27T00:14:0032
# GLON and GLAT given in degrees
# GLON=209.7990585021466
# GLAT=-0.26524684927351855
# DATA in two columns below. Col. 1 is velocity relative to LSR [km/s]. Col. 2 is uncalibrated antenna temperature [K].
# ENDHEADER
265.47960561310526 6.768025390277179
263.41846166250656 15.441553538614126
261.35731771190797 13.93675912070294
259.2961737613093 13.321610847814302
257.2350298107106 13.17603239636052
255.173885860112 13.879597878397263
253.11274190951337 14.102675302684032
251.05159795891473 13.867190189965717
248.9904540083161 13.168416195529598
246.92931005771743 13.64857354486814
244.8681661071188 16.020519680458396
242.80702215652016 12.593113006996923
240.74587820592154 16.350081001285986
238.68473425532287 13.168030476275485
236.62359030472425 13.015944359972682
234.5624463541256 13.748448602725041
232.50130240352698 13.741991586186938
230.44015845292833 13.55324746014435
228.37901450232968 13.189540144730076
226.31787055173103 13.360448640298424
224.2567266011324 12.147747516571624
222.19558265053377 12.87615228027748
220.13443869993512 13.385480207624425
218.07329474933647 14.66971448363245
216.01215079873782 14.686697365400619
213.9510068481392 13.143340428174396
211.88986289754055 14.833561488757544
209.82871894694193 13.223046059427984
207.76757499634326 13.230055072776606
205.70643104574464 12.06018594203444
203.645287095146 13.739016789671421
201.58414314454737 12.481510895857717
199.5229991939487 13.012254659870692
197.46185524335004 12.920645789428647
195.4007112927514 14.830799851590744
193.33956734215278 13.468307891380414
191.27842339155413 13.81421031763751
189.2172794409555 14.50265008359232
187.15613549035683 13.741939042343047
185.09499153975818 14.554642425579825
183.03384758915956 13.907017629176206
180.97270363856092 12.951270798447512
178.9115596879623 14.377641251097753
176.85041573736362 14.952804802696019
174.789271786765 14.215128766678587
172.72812783616635 12.844996908975558
170.66698388556773 13.855833710311781
168.60583993496905 13.969586025910957
166.54469598437043 13.377847405701296
164.4835520337718 13.40630895037768
162.42240808317317 13.687232645263993
160.36126413257452 13.775229388313896
158.30012018197587 12.576544665121913
156.23897623137722 13.579957214580514
154.1778322807786 12.765718760377544
152.11668833017995 13.706877242079027
150.05554437958133 14.240790233961894
147.99440042898266 13.132155558521413
145.933256478384 13.540584107240777
143.8721125277854 13.555589898545936
141.81096857718674 11.899108134858967
139.74982462658812 13.28719125928661
137.68868067598945 13.582661351492915
135.62753672539083 14.695563279330091
133.56639277479218 14.410074207855967
131.50524882419356 15.0484926238309
129.4441048735949 14.763304656320058
127.38296092299625 13.10027207148252
125.32181697239761 12.829975673568589
123.26067302179898 15.080996851126507
121.19952907120033 12.811323254159634
119.1383851206017 12.763947349215018
117.07724117000305 13.420463197274076
115.01609721940441 12.211698130343011
112.95495326880577 13.158758757274219
110.89380931820713 10.172010443487544
108.8326653676085 13.318709779486175
106.77152141700985 13.73208107828349
104.71037746641122 12.031148218764947
102.64923351581257 12.552043763959782
100.58808956521393 12.274749487922518
98.5269456146153 13.787374582863952
96.46580166401667 11.791638419469743
94.40465771341802 11.397089651556145
92.34351376281938 12.332480657916577
90.28236981222075 11.560172932267202
88.2212258616221 12.838585117960648
86.16008191102345 12.894340243436073
84.0989379604248 14.464498585642225
82.03779400982617 12.978259574352697
79.97665005922752 12.098327902247824
77.91550610862889 14.611490930341226
75.85436215803026 14.708533184132845
73.79321820743161 14.230789563707923
71.73207425683297 14.477355200716643
69.67093030623433 14.387851258348544
67.60978635563569 16.679430575471827
65.54864240503704 15.567664802160369
63.48749845443841 17.80046447910885
61.42635450383977 19.0837295643644
59.36521055324113 23.802794874343427
57.304066602642486 25.88906209777136
55.242922652043845 29.955419952002195
53.181778701445204 37.58854812446157
51.12063475084656 47.41341719334325
49.059490800247914 57.76708622188458
46.99834684964928 68.47223597543375
44.93720289905064 79.21102081247948
42.876058948452 85.00980558069212
40.81491499785336 86.09180149734853
38.75377104725471 85.91166146352538
36.69262709665607 77.69426201416162
34.63148314605743 72.00875271102831
32.57033919545879 69.67099869050021
30.509195244860148 70.28235471174465
28.44805129426151 76.26912304280384
26.38690734366287 79.01682806155073
24.32576339306423 79.71612896693813
22.264619442465587 78.97536288170495
20.20347549186695 79.4358109624447
18.14233154126831 78.25544695875644
16.081187590669668 81.15960501848856
14.020043640071027 82.7008199258005
11.958899689472384 91.2683252935778
9.897755738873744 93.22351156011898
7.8366117882751025 90.19115437290235
5.775467837676462 79.42599451252693
3.714323887077821 66.06737880305715
1.6531799364791806 48.93088088282625
-0.40796401411946026 38.85571620144367
-2.469107964718101 31.92595920964794
-4.530251915316742 25.016664988190925
-6.591395865915382 22.19647170574076
-8.652539816514023 19.29351975960042
-10.713683767112663 17.90116785568664
-12.774827717711304 16.793956416030007
-14.835971668309945 15.50243057276273
-16.897115618908586 14.465283743933405
-18.958259569507227 13.705230814768484
-21.019403520105865 12.934910584207524
-23.080547470704506 13.716159447311796
-25.141691421303154 11.39149350767033
-27.20283537190179 12.356945991547235
-29.263979322500433 13.729104357686426
-31.325123273099074 11.866574239097607
-33.386267223697715 12.38908000084888
-35.447411174296356 12.391828909831698
-37.50855512489499 11.221569471230103
-39.56969907549364 13.550425290782414
-41.63084302609228 11.178403527918402
-43.69198697669092 11.880570405363711
-45.75313092728956 12.328699509723128
-47.8142748778882 11.076770331932991
-49.875418828486836 10.655091272272802
-51.93656277908548 10.51864725682827
-53.99770672968411 11.894214545123864
-56.05885068028275 9.06713040860411
-58.1199946308814 10.431732873709773
-60.18113858148004 13.104520106066545
-62.24228253207868 11.973714177778703
-64.30342648267732 10.926449560428228
-66.36457043327596 12.232000599087774
-68.4257143838746 11.166340913790773
-70.48685833447325 11.27067453534163
-72.54800228507189 11.773195020107773
-74.60914623567052 11.76074467566849
-76.67029018626917 12.411691804452742
-78.7314341368678 10.654757613287394
-80.79257808746645 11.19393422179952
-82.85372203806509 11.536903302095237
-84.91486598866373 11.689442827890796
-86.97600993926237 10.021562657738476
-89.037153889861 10.910811150787646
-91.09829784045965 9.765582119853446
-93.15944179105828 12.237192190145079
-95.22058574165693 12.659207104698647
-97.28172969225557 8.078826707739347
-99.34287364285422 10.458396867782774
-101.40401759345286 11.229750363619374
-103.4651615440515 12.886071891812133
-105.52630549465016 10.699392123088945
-107.5874494452488 10.416734893339452
-109.64859339584743 12.114154836600893
-111.70973734644608 12.15485957829423
-113.77088129704471 10.43877196595437
-115.83202524764336 10.34309344001701
-117.89316919824199 10.463018960073779
-119.95431314884064 10.723192568440819
-122.01545709943927 11.231210021511293
-124.07660105003791 10.75814124426541
-126.13774500063656 9.298913952136038
-128.1988889512352 10.674743458158986
-130.26003290183385 11.671787411610845
-132.3211768524325 11.130531742448511
-134.38232080303112 11.53691323322548
-136.44346475362977 11.306496156186364
-138.5046087042284 11.10793743465602
-140.56575265482704 10.301918723613273
-142.62689660542569 11.462884706317963
-144.68804055602433 10.954998068627178
-146.74918450662295 11.59991368522105
-148.8103284572216 9.947235235215519
-150.87147240782022 11.147169433753639
-152.9326163584189 12.110605272403534
-154.99376030901752 9.426751897769913
-157.05490425961617 11.73371511681713
-159.11604821021479 11.028835486469237
-161.17719216081346 13.433437310520349
-163.2383361114121 13.886256119593861
-165.29948006201073 11.798503612564874
-167.36062401260938 10.963884787988531
-169.421767963208 11.582722366863084
-171.48291191380667 11.521243502513315
-173.5440558644053 13.653115839716003
-175.60519981500394 12.874697828854897
-177.66634376560256 12.735159947975411
-179.7274877162012 14.087771622745523
-181.78863166679986 13.259984863253532
-183.8497756173985 11.705227720878652
-185.91091956799713 10.86400576674408
-187.97206351859577 12.655593279043279
-190.03320746919442 11.358521575661227
-192.09435141979307 12.197408766164559
-194.1554953703917 13.465193694424217
-196.21663932099034 11.906718113483251
-198.27778327158896 12.527253014196072
-200.3389272221876 13.301770378623178
-202.40007117278623 13.20723498033087
-204.46121512338487 13.086871746527036
-206.52235907398352 13.33786624765107
-208.58350302458217 13.20136270688186
-210.64464697518082 13.883320402275006
-212.70579092577944 13.085906892730373
-214.7669348763781 12.572478982376005
-216.82807882697674 12.933357318122747
-218.88922277757538 12.791092012516131
-220.950366728174 13.744177735197336
-223.01151067877265 13.891348110743271
-225.07265462937127 14.82705481967374
-227.13379857996995 13.582879919794777
-229.19494253056857 12.208594277392088
-231.25608648116722 13.107405263900885
-233.31723043176584 13.1064347374951
-235.37837438236448 12.853593884508449
-237.43951833296313 12.234921195501762
-239.50066228356178 15.47777710582621
-241.5618062341604 13.60575626242611
-243.62295018475905 11.46179900356476
-245.68409413535773 14.556405460531154
-247.74523808595634 13.785747144567674
-249.806382036555 13.5778858738817
-251.8675259871536 13.926636580107093
-253.92866993775226 15.009113319771169
-255.9898138883509 14.711493664175434
-258.05095783894956 10.460429006183245
-260.1121017895482 13.733017796459672
