# BEGINHEADER
# This file contains data from the SALSA 2m radio telescope.
# DATE=2024-11-26T23:42:0053
# GLON and GLAT given in degrees
# GLON=219.80572882147675
# GLAT=-0.2234748923973801
# DATA in two columns below. Col. 1 is velocity relative to LSR [km/s]. Col. 2 is uncalibrated antenna temperature [K].
# ENDHEADER
265.3750981193109 6.99773511747071
263.31395416871226 15.477464799600094
261.2528102181136 14.262892158865418
259.191666267515 15.344163641844597
257.13052231691637 14.903809104683754
255.0693783663177 15.597646705076635
253.00823441571904 14.779788131970832
250.94709046512043 15.862410109171416
248.88594651452178 14.107921550766598
246.82480256392316 14.092719528064578
244.76365861332448 16.5415572417034
242.70251466272586 17.248537907222445
240.6413707121272 17.071342627820737
238.5802267615286 15.240835633834996
236.51908281092994 14.572247577724635
234.4579388603313 14.477262816612873
232.39679490973265 14.79277169662995
230.33565095913403 13.972247655015703
228.27450700853538 15.066110323312985
226.21336305793673 14.25214278288129
224.15221910733808 15.263546812354013
222.09107515673946 16.32670507570227
220.02993120614082 13.84496874398204
217.9687872555422 15.281692583970681
215.90764330494352 17.320307776881382
213.84649935434487 13.98250233598786
211.78535540374625 15.355208251441022
209.7242114531476 15.193095510456681
207.66306750254898 13.760371099532458
205.6019235519503 16.661254018756935
203.5407796013517 13.190765191718508
201.47963565075304 15.382458773955555
199.41849170015442 15.962141598561137
197.35734774955577 15.24411544752985
195.29620379895715 15.827383258184954
193.2350598483585 14.240959198796032
191.17391589775988 15.89130438466888
189.1127719471612 14.861374962790524
187.0516279965626 14.172746899368603
184.99048404596394 14.135255978873642
182.92934009536532 14.897955344107995
180.86819614476667 15.334959982932265
178.80705219416802 16.1949262950562
176.74590824356937 14.380315596111512
174.68476429297073 14.542000677178217
172.6236203423721 14.789737753410433
170.56247639177343 15.950610896173103
168.5013324411748 14.19485814261998
166.44018849057616 14.395534891148795
164.37904453997754 14.575378339040409
162.3179005893789 14.842948820923738
160.25675663878025 16.891631434043944
158.1956126881816 13.257357592670663
156.13446873758298 14.409978643153895
154.07332478698433 15.04143108938082
152.0121808363857 13.781679636905444
149.95103688578703 14.467872255050503
147.8898929351884 15.879050451284602
145.82874898458977 14.534492194933454
143.76760503399115 15.957618043851774
141.70646108339247 14.179691724371773
139.64531713279385 14.080588918587823
137.5841731821952 15.147048859556449
135.52302923159655 16.028713935749625
133.46188528099793 14.70076542668944
131.40074133039926 14.432192279038274
129.33959737980064 16.467015459614014
127.278453429202 13.00577380970824
125.21730947860337 14.573160263383636
123.15616552800472 13.271042884375266
121.09502157740609 13.442953932832536
119.03387762680744 13.45268401115028
116.97273367620879 15.252141542098585
114.91158972561014 14.530576767479475
112.85044577501151 14.970901005661206
110.78930182441287 15.109547609950111
108.72815787381423 14.665980527486905
106.66701392321559 14.89973653859233
104.60586997261694 15.170694198889153
102.54472602201831 15.073149292160103
100.48358207141966 15.45335659091036
98.42243812082101 13.63029172042791
96.36129417022238 16.734722795286164
94.30015021962373 15.434917061963572
92.2390062690251 14.037357491287391
90.17786231842646 15.231574536506002
88.11671836782781 17.157705113587035
86.05557441722918 16.45026172642784
83.99443046663053 17.505627698631507
81.9332865160319 18.691607674333703
79.87214256543324 19.328092792305288
77.8109986148346 22.077312652400114
75.74985466423597 23.892317660739874
73.68871071363732 27.708727099692172
71.62756676303869 33.33303711165459
69.56642281244004 38.67405724027537
67.5052788618414 43.7095248157415
65.44413491124277 53.66169921755421
63.38299096064412 61.520503538267924
61.32184701004548 68.28333350087739
59.26070305944684 72.49375503140647
57.199559108848206 77.9852551598528
55.138415158249565 80.71770086775054
53.077271207650924 76.63183771436712
51.016127257052275 71.50627704275581
48.95498330645364 65.81896714004765
46.893839355855 60.205993761857115
44.83269540525636 53.74174844925779
42.77155145465772 53.027031840048956
40.710407504059084 55.21314610302023
38.64926355346044 60.55176146891713
36.5881196028618 62.30529697656928
34.52697565226316 61.13329002668706
32.46583170166452 61.07811306815224
30.40468775106588 60.2159460763541
28.343543800467238 60.63991384864272
26.282399849868593 59.47043059753722
24.221255899269952 65.24429459235496
22.16011194867131 71.03370339195875
20.09896799807267 77.83257769864422
18.037824047474032 87.92023697358736
15.97668009687539 90.23886478138785
13.915536146276747 83.29499147926064
11.854392195678107 71.88597048078572
9.793248245079466 58.9298969911262
7.732104294480825 48.82142165869486
5.670960343882185 43.183983959353384
3.609816393283544 41.90632320580002
1.5486724426849032 39.920838854129606
-0.5124715079137376 36.004148784233735
-2.573615458512378 28.63642766080836
-4.63475940911102 21.75371282356393
-6.69590335970966 19.129590824426113
-8.7570473103083 19.128630012896377
-10.818191260906941 16.47768761184564
-12.879335211505582 14.906676567711214
-14.940479162104223 17.139258092244244
-17.001623112702863 16.51716216700302
-19.062767063301504 14.926523996775742
-21.123911013900145 14.871702314264114
-23.185054964498786 13.338823408211843
-25.246198915097423 15.48956157738587
-27.307342865696064 15.505602363366217
-29.368486816294705 13.982300204114287
-31.42963076689335 13.435254959777895
-33.49077471749199 13.516661710146698
-35.55191866809063 13.265470472039945
-37.61306261868927 13.126114454548166
-39.67420656928791 12.946509917844246
-41.73535051988655 13.15121324258386
-43.796494470485186 14.005826567121012
-45.85763842108383 13.646905417718536
-47.918782371682475 11.556353510810334
-49.97992632228112 13.392859120911922
-52.041070272879765 12.902570250283846
-54.1022142234784 13.204450710944572
-56.16335817407704 12.287699266035451
-58.22450212467568 11.963406329313548
-60.28564607527432 12.179165354741546
-62.34679002587296 12.99617664325377
-64.40793397647161 14.674514724924995
-66.46907792707024 12.112257756679913
-68.53022187766888 11.080466497499005
-70.59136582826753 11.942123829452283
-72.65250977886616 12.653852226092605
-74.7136537294648 13.283163860942278
-76.77479768006346 14.150238628029475
-78.83594163066209 14.827820833261065
-80.89708558126074 11.976392605989663
-82.95822953185937 12.071068999580818
-85.01937348245802 11.571615475915316
-87.08051743305666 12.229445035795276
-89.14166138365529 11.841952705375775
-91.20280533425394 11.55153291097758
-93.26394928485257 13.010846147036416
-95.32509323545122 14.211505203658634
-97.38623718604985 13.447690631047397
-99.44738113664849 13.129493207996688
-101.50852508724712 13.55648848883916
-103.56966903784577 12.182926853818104
-105.6308129884444 12.584482680279047
-107.69195693904304 14.219923423184445
-109.75310088964169 12.620774706242036
-111.81424484024032 13.176577423357246
-113.87538879083898 11.92329265975497
-115.93653274143762 14.020080283241438
-117.99767669203626 13.025833495405719
-120.0588206426349 13.463913807837061
-122.11996459323353 12.805626971412748
-124.18110854383218 11.211241055113216
-126.24225249443082 12.86829986954212
-128.30339644502945 13.507724543121851
-130.3645403956281 12.209099246336017
-132.42568434622675 12.495987971208525
-134.4868282968254 11.88317759099346
-136.547972247424 12.477361177428879
-138.60911619802266 11.644390266716758
-140.6702601486213 12.870108985810887
-142.73140409921996 12.393820017763224
-144.79254804981858 14.891367781245348
-146.85369200041723 13.653259973256803
-148.91483595101585 11.81588999809767
-150.97597990161452 14.267945166430355
-153.03712385221314 13.768781248014035
-155.0982678028118 13.510266997843987
-157.1594117534104 13.19744526166958
-159.2205557040091 15.593344434520242
-161.2816996546077 12.840576738939466
-163.34284360520635 14.158010753536788
-165.40398755580497 14.124538786328321
-167.46513150640362 13.943173686137731
-169.52627545700227 13.074050939714647
-171.58741940760092 13.636891869360618
-173.64856335819957 15.175314035938877
-175.7097073087982 14.155530199526101
-177.77085125939684 13.080206943199682
-179.83199520999548 13.929770870109161
-181.89313916059413 14.283548264454163
-183.95428311119275 14.493666677972525
-186.0154270617914 14.397802544655377
-188.07657101239005 13.064178994080672
-190.1377149629887 13.649432137168718
-192.19885891358732 15.65264072061848
-194.26000286418596 13.931086242755743
-196.32114681478458 15.34766917461704
-198.38229076538326 14.815848168018272
-200.4434347159819 13.03539205060565
-202.50457866658056 14.453981709865916
-204.56572261717918 12.765173397326762
-206.62686656777782 13.048884361715658
-208.68801051837644 14.571915480571601
-210.74915446897512 14.038733586732539
-212.81029841957377 14.143728512631128
-214.8714423701724 14.13187780582045
-216.93258632077104 14.164652755839702
-218.99373027136966 15.365857221509982
-221.05487422196833 14.747311167223348
-223.11601817256695 14.869909387783556
-225.1771621231656 15.68005067414505
-227.23830607376422 14.041436586704718
-229.2994500243629 14.06360660395898
-231.36059397496152 15.873703532333375
-233.42173792556017 15.205069019506888
-235.48288187615879 15.198002828938447
-237.54402582675743 16.88329951768851
-239.60516977735608 13.753181145760939
-241.66631372795473 14.930328924240612
-243.72745767855335 14.996493973528791
-245.788601629152 15.357848594477993
-247.84974557975062 16.415208064682155
-249.9108895303493 16.5688319503612
-251.97203348094794 14.769016579647253
-254.03317743154656 15.718138502216
-256.0943213821452 16.017154544667605
-258.15546533274386 14.845779413081567
-260.2166092833425 16.159719169604642
