# BEGINHEADER
# This file contains data from the SALSA 2m radio telescope.
# DATE=2024-11-26T23:38:0029
# GLON and GLAT given in degrees
# GLON=199.7811466915461
# GLAT=-0.29772379032453883
# DATA in two columns below. Col. 1 is velocity relative to LSR [km/s]. Col. 2 is uncalibrated antenna temperature [K].
# ENDHEADER
265.5900711554279 4.8067627349299
263.5289272048293 12.167897520380167
261.46778325423065 12.341158121129986
259.406639303632 10.132744904383546
257.34549535303336 5.0039148086530805
255.28435140243474 17.06768764436873
253.22320745183606 7.72779188520881
251.16206350123744 11.036306910844939
249.1009195506388 14.096629186364492
247.03977560004017 13.621977258572542
244.9786316494415 18.685502579357717
242.91748769884288 11.46606861441266
240.85634374824423 13.364070463763605
238.7951997976456 9.1151939403692
236.73405584704696 15.32206094681623
234.67291189644828 8.078701528992235
232.61176794584966 12.125854730818627
230.55062399525102 11.839742088722327
228.4894800446524 18.868980977549526
226.42833609405375 11.354407838648893
224.3671921434551 12.784054891552362
222.30604819285645 16.33409263459255
220.24490424225783 18.6652684696889
218.18376029165918 21.751592648911814
216.12261634106056 10.850524575048468
214.0614723904619 13.945228774808104
212.00032843986327 14.193798702822848
209.93918448926462 11.362225179475539
207.878040538666 19.178836186624473
205.81689658806732 24.062138067429725
203.7557526374687 14.58780580095562
201.69460868687005 12.590119237288308
199.63346473627143 12.121368206210798
197.5723207856728 21.63011148388933
195.5111768350741 19.002836409150213
193.4500328844755 9.937271722979725
191.38888893387684 11.158915378441506
189.32774498327822 10.973986802982305
187.26660103267957 18.123948706131337
185.20545708208093 14.255145387985522
183.14431313148228 12.326454879223146
181.08316918088366 13.609900567698068
179.022025230285 8.264570831998434
176.96088127968636 12.779462704807504
174.8997373290877 12.237739801386203
172.8385933784891 10.35371669728716
170.77744942789045 10.472372527833379
168.71630547729183 13.155320974162393
166.65516152669315 17.05121958031802
164.59401757609453 14.372788117984365
162.53287362549588 17.278582090963766
160.47172967489726 13.920803607303865
158.4105857242986 15.93124771330172
156.34944177369994 14.215721338576225
154.28829782310132 18.64293319231153
152.22715387250267 10.951908406186778
150.16600992190405 15.21736690843525
148.10486597130537 10.564881346315525
146.04372202070675 11.133199945327135
143.9825780701081 17.729584003958102
141.92143411950948 15.62192257986369
139.86029016891084 10.654464427578134
137.7991462183122 6.888664142487304
135.73800226771354 19.76019969088324
133.67685831711492 17.31845955437419
131.61571436651627 4.203742759289253
129.55457041591762 14.565230222350053
127.49342646531899 14.519148718100995
125.43228251472034 10.09416518920982
123.37113856412171 14.880795975238973
121.30999461352306 22.44462083734582
119.24885066292443 12.854885693091264
117.18770671232579 8.649889771704995
115.12656276172714 19.768254465284695
113.06541881112851 13.75216716139927
111.00427486052986 8.204897981344812
108.94313090993123 8.778793787651047
106.88198695933258 10.038059881762068
104.82084300873395 4.717301366232174
102.75969905813531 17.440322019636266
100.69855510753665 15.847486372569639
98.63741115693801 3.9635638843608714
96.57626720633937 8.072025081412672
94.51512325574073 13.96272623674428
92.4539793051421 17.531539318374005
90.39283535454345 7.02113179931348
88.33169140394482 10.495959249771778
86.27054745334617 11.479674286591635
84.20940350274753 11.82951467076088
82.14825955214889 17.619026707507466
80.08711560155025 16.917161305035073
78.02597165095162 13.870636276567616
75.96482770035297 12.529844165388836
73.90368374975434 14.524133271905216
71.84253979915569 10.268327962101887
69.78139584855705 18.698881214929344
67.7202518979584 13.329181549030148
65.65910794735977 3.8166869805635937
63.59796399676112 15.325790113882201
61.53682004616248 11.451434680647296
59.47567609556384 14.235829478449416
57.41453214496521 10.866826483197206
55.353388194366566 15.571790258674566
53.29224424376792 11.7228396562998
51.23110029316928 14.141949914909375
49.16995634257064 10.918928542469164
47.108812391972 17.420160517106215
45.04766844137336 26.660238324597525
42.98652449077472 24.316375969835462
40.92538054017608 30.304596486978888
38.864236589577445 45.67208803401075
36.803092638978804 46.235654518321795
34.74194868838016 65.87264492573935
32.680804737781514 64.86595426573079
30.619660787182877 83.4411878396649
28.558516836584236 84.06739809509239
26.497372885985595 89.59466545383732
24.436228935386954 101.33715664644859
22.375084984788316 100.7432437855882
20.313941034189675 102.63654033765057
18.25279708359103 101.1694376343481
16.191653132992393 92.37237544307484
14.130509182393752 84.3838262358699
12.069365231795109 97.54354981051658
10.008221281196468 104.86501786256076
7.947077330597827 83.43094398586608
5.885933379999186 90.04207352781714
3.8247894294005462 82.70956338669252
1.7636454788019051 69.05379581910651
-0.29749847179673566 57.469144553076426
-2.3586424223953766 43.49046087046817
-4.419786372994017 32.83390188164544
-6.480930323592658 26.743312875814468
-8.5420742741913 23.58359487687945
-10.60321822478994 23.4438571882376
-12.66436217538858 23.63612672723931
-14.72550612598722 16.069316494722973
-16.78665007658586 21.427243681035584
-18.847794027184502 5.122639704581817
-20.908937977783143 12.977172302341451
-22.970081928381784 9.36475497956756
-25.031225878980422 8.787005111971395
-27.092369829579063 12.749034761264681
-29.153513780177708 15.714712643353804
-31.21465773077635 14.12985015284035
-33.275801681374986 16.638588337264597
-35.33694563197363 12.121882401260475
-37.39808958257227 12.135915674983687
-39.45923353317091 16.711663299842627
-41.52037748376955 15.283241123139442
-43.58152143436819 8.441589249136953
-45.64266538496683 9.329559699044456
-47.703809335565474 11.800747613397627
-49.76495328616412 15.149013949028687
-51.82609723676276 16.069351741945727
-53.8872411873614 8.770242502119881
-55.94838513796004 14.770145046396282
-58.00952908855868 6.132297064407383
-60.07067303915732 13.816533822891232
-62.13181698975597 16.114650348440968
-64.19296094035461 10.86499902735863
-66.25410489095324 16.38128249675711
-68.31524884155189 10.216286992945962
-70.37639279215053 10.904528594825086
-72.43753674274917 8.516309232655715
-74.49868069334781 14.570151398558927
-76.55982464394644 5.083195600637758
-78.62096859454509 12.229546334946434
-80.68211254514372 16.371286968982467
-82.74325649574237 8.938928829290957
-84.804400446341 14.164312377303872
-86.86554439693965 8.310690736976975
-88.92668834753829 19.388096093306515
-90.98783229813692 16.3159960002013
-93.04897624873558 11.152235011527043
-95.11012019933422 -0.630909073590558
-97.17126414993287 8.092037062255574
-99.2324081005315 13.64106695222071
-101.29355205113013 12.624331599902877
-103.35469600172878 15.95720495283855
-105.41583995232742 11.546636679511643
-107.47698390292607 17.01308904782857
-109.5381278535247 12.57269149828257
-111.59927180412335 15.35219376225419
-113.66041575472198 12.856060402297048
-115.72155970532062 14.956670515632537
-117.78270365591926 13.679025190515482
-119.8438476065179 8.019541258297666
-121.90499155711655 8.68291048961742
-123.96613550771518 7.848265437127802
-126.02727945831383 14.5516335321927
-128.08842340891246 5.053955053603174
-130.1495673595111 7.787031650680188
-132.21071131010973 17.570315416551473
-134.2718552607084 6.936576391904654
-136.33299921130703 9.442102167366262
-138.39414316190567 14.419366067466138
-140.4552871125043 13.510277209392179
-142.51643106310297 13.382139494453307
-144.5775750137016 3.4470897123475326
-146.63871896430024 10.034740502106933
-148.69986291489886 15.300437721447848
-150.7610068654975 13.80893061229373
-152.82215081609618 3.789325657648653
-154.8832947666948 14.946033079617013
-156.94443871729345 9.94677505862833
-159.00558266789207 11.81151816432344
-161.06672661849072 14.934209105074446
-163.12787056908937 14.662677801803348
-165.18901451968802 17.710488170177324
-167.25015847028664 15.611735826964843
-169.31130242088528 8.250679113798482
-171.3724463714839 11.82331479573643
-173.43359032208258 15.307293061870988
-175.4947342726812 20.990269770175857
-177.55587822327985 9.68958756203998
-179.61702217387847 8.894159630442008
-181.67816612447714 20.09426011305047
-183.73931007507576 11.208366079882099
-185.8004540256744 6.44149749090961
-187.86159797627303 2.8039397751155906
-189.92274192687168 16.047179144698077
-191.98388587747036 13.581637904749247
-194.04502982806898 14.158085740191535
-196.10617377866762 10.29453146712162
-198.16731772926624 15.996107628260399
-200.2284616798649 9.38585728732133
-202.28960563046354 13.000256793956583
-204.3507495810622 9.14538237612908
-206.4118935316608 12.847257967251899
-208.47303748225946 17.276227674676615
-210.5341814328581 14.731167405294393
-212.59532538345675 18.60570656047967
-214.65646933405537 10.896606366295716
-216.71761328465402 10.483082118386971
-218.77875723525264 12.537060030369435
-220.83990118585132 9.103718528696664
-222.90104513644994 8.326785194087746
-224.96218908704859 22.810758092465008
-227.02333303764723 11.470381755279261
-229.08447698824585 14.658526482829139
-231.14562093884453 17.45371017242309
-233.20676488944315 13.174948090328664
-235.2679088400418 16.605762632817992
-237.32905279064042 12.455650178423609
-239.3901967412391 19.20869046391311
-241.45134069183771 15.127520300817526
-243.51248464243636 14.766959617020397
-245.57362859303498 16.44067864068478
-247.63477254363363 15.745105666880086
-249.69591649423228 19.158768521980004
-251.75706044483093 16.868074021738938
-253.81820439542955 20.226616754592033
-255.8793483460282 12.02222160437783
-257.9404922966268 16.81137909272245
-260.00163624722546 17.642427948261165
