# BEGINHEADER
# This file contains data from the SALSA 2m radio telescope.
# DATE=2024-11-27T00:04:0058
# GLON and GLAT given in degrees
# GLON=149.83034998722567
# GLAT=-0.2660557845367524
# DATA in two columns below. Col. 1 is velocity relative to LSR [km/s]. Col. 2 is uncalibrated antenna temperature [K].
# ENDHEADER
265.8179587247967 1.1039863108568082
263.75681477419806 8.566198156388394
261.6956708235994 11.809906841273694
259.63452687300077 6.104789260414874
257.5733829224022 4.790584608851641
255.51223897180353 17.3834290513681
253.45109502120485 10.56304938674968
251.38995107060623 10.194548447075858
249.32880712000758 12.517566905527685
247.26766316940896 11.19443461241349
245.2065192188103 14.212421540960811
243.14537526821164 10.203811553517916
241.08423131761302 9.431649867644897
239.02308736701437 7.996386547764026
236.96194341641575 14.670176057752588
234.90079946581707 12.182086285091632
232.83965551521845 9.921863278596065
230.7785115646198 8.21575020250663
228.71736761402119 4.688397351812451
226.65622366342254 11.556826366305344
224.5950797128239 13.789475012023345
222.53393576222524 13.52820735993787
220.47279181162662 9.901413764222099
218.41164786102797 5.615444757815171
216.35050391042935 16.19981030155368
214.28935995983068 15.297059090309943
212.22821600923206 14.103005807904093
210.1670720586334 17.91003254961222
208.1059281080348 15.200402816965928
206.0447841574361 12.432824713077798
203.98364020683746 13.970974524035544
201.92249625623884 15.80798523204468
199.8613523056402 7.2745149172972745
197.80020835504155 8.819041507188649
195.7390644044429 9.044650337308033
193.67792045384425 9.652608051382874
191.6167765032456 5.41313904320607
189.55563255264698 13.447133624683659
187.49448860204834 17.23726594380051
185.43334465144972 16.09203891642551
183.37220070085104 7.446835013636953
181.31105675025242 11.351329137322027
179.24991279965377 6.6145725739386725
177.18876884905515 17.981789559274684
175.1276248984565 16.50287214950102
173.06648094785785 3.7262173062456796
171.0053369972592 9.853374867718497
168.9441930466606 10.894374742620162
166.88304909606194 11.571913390160162
164.82190514546326 14.16009295964807
162.76076119486464 15.611482796505115
160.699617244266 13.21900443349168
158.63847329366737 8.660690771010497
156.57732934306873 16.633969009699072
154.51618539247008 14.122496364929363
152.45504144187143 20.075865633219795
150.3938974912728 9.156312820326232
148.33275354067416 8.522022164418198
146.27160959007554 6.067010426285503
144.21046563947687 14.06296395182981
142.14932168887825 16.409572807982517
140.0881777382796 11.313440784202317
138.02703378768098 15.150944575956679
135.9658898370823 15.634409928697453
133.90474588648368 11.545367205070542
131.84360193588503 12.141061186926843
129.7824579852864 14.528032538412399
127.72131403468775 12.51761356615602
125.66017008408912 5.769269376325786
123.59902613349047 13.014463634339297
121.53788218289183 14.439834517030048
119.4767382322932 14.453930427481087
117.41559428169455 13.54517534041916
115.35445033109592 13.809020608332272
113.29330638049727 8.782152692999592
111.23216242989864 9.522100051833144
109.17101847929999 11.149280624791945
107.10987452870134 8.785861904148419
105.0487305781027 15.908224228370837
102.98758662750406 9.542130940599728
100.92644267690542 12.859059878953683
98.86529872630679 10.861013888519105
96.80415477570816 8.372608977577261
94.74301082510951 14.03586081766765
92.68186687451087 15.17701610413128
90.62072292391223 8.599487045887377
88.55957897331359 13.872376287824608
86.49843502271496 8.709157470842685
84.43729107211631 11.72216394092396
82.37614712151768 15.458161060109596
80.31500317091903 14.064420645667235
78.2538592203204 14.223057503762844
76.19271526972175 14.63565736062839
74.13157131912311 17.349752355101685
72.07042736852448 12.31498402030434
70.00928341792583 24.5129647947388
67.94813946732718 9.281632540193584
65.88699551672853 7.739904729205741
63.825851566129906 13.497567670675817
61.764707615531265 10.00555402562466
59.703563664932624 17.729423404771016
57.642419714333975 11.931186362096621
55.581275763735334 10.147008147782866
53.52013181313669 9.25782163984005
51.45898786253806 12.757331166724473
49.39784391193941 14.328426900784763
47.33669996134077 13.49276594225101
45.27555601074213 14.375915503536444
43.21441206014349 11.773341571115328
41.153268109544854 12.985931305113446
39.092124158946206 16.854828256499697
37.030980208347565 5.579929562357096
34.96983625774892 8.979971924274198
32.90869230715028 6.079389191033335
30.847548356551645 14.866858066710545
28.786404405953004 11.302967897947829
26.725260455354363 9.390120660345799
24.66411650475572 7.835219665690949
22.60297255415708 13.044749405086707
20.54182860355844 13.01161680617702
18.4806846529598 13.337111217495313
16.41954070236116 6.083745766375221
14.358396751762518 16.97303415414196
12.297252801163879 14.10725515695763
10.236108850565238 13.84140979788269
8.174964899966596 26.790242202440933
6.113820949367955 32.87975704060036
4.052676998769314 47.181657520811804
1.9915330481706737 57.34386067341135
-0.06961090242796708 65.83894032709355
-2.1307548530266076 78.85098729736312
-4.191898803625248 76.37320601960023
-6.2530427542238884 82.68872815186134
-8.31418670482253 87.02564786435931
-10.37533065542117 84.78880216049524
-12.436474606019813 74.87915837448884
-14.497618556618454 72.38485065818791
-16.558762507217093 65.39832866255689
-18.619906457815734 70.00993434677235
-20.681050408414375 61.07843858808068
-22.74219435901302 61.44260589187472
-24.803338309611657 63.28523016036453
-26.8644822602103 64.72066997464616
-28.92562621080894 69.47908429407367
-30.986770161407577 87.23279289974546
-33.04791411200622 96.9493338678263
-35.10905806260486 97.98748394553517
-37.17020201320351 91.7530042215658
-39.23134596380215 95.85082263173697
-41.29248991440078 90.24995211188663
-43.35363386499942 72.73526261702034
-45.414777815598065 84.38716129416254
-47.475921766196706 70.81531040596516
-49.53706571679535 62.20935028616341
-51.59820966739398 64.37289152367191
-53.65935361799262 47.180635125763466
-55.72049756859126 46.303457935385076
-57.781641519189904 42.920972949728444
-59.842785469788545 35.7495028209086
-61.903929420387186 33.424184776310774
-63.96507337098583 27.077397900878644
-66.02621732158447 23.54077799401665
-68.0873612721831 20.401254334681404
-70.14850522278175 26.135410806393534
-72.20964917338038 25.911628385274692
-74.27079312397903 16.706423082391773
-76.33193707457767 17.912826160687114
-78.39308102517631 11.015894213806646
-80.45422497577495 14.629445297866772
-82.51536892637358 10.078693156187725
-84.57651287697223 9.245486584627374
-86.63765682757088 8.093281718866105
-88.69880077816953 10.616559224536534
-90.75994472876816 4.440730910976545
-92.8210886793668 11.26865205333895
-94.88223262996544 9.855526724991082
-96.94337658056408 14.678538599763842
-99.00452053116273 10.027292107036116
-101.06566448176137 7.693675367312735
-103.12680843236001 19.978130091390852
-105.18795238295866 9.289473325588622
-107.24909633355729 4.63463919024007
-109.31024028415594 19.763979013459632
-111.37138423475457 15.22069760602852
-113.4325281853532 4.20790639310269
-115.49367213595185 17.50539123992002
-117.55481608655049 14.983282114011525
-119.61596003714914 2.7690885159176286
-121.67710398774777 17.685914455577056
-123.73824793834643 13.028512287525743
-125.79939188894507 5.812687195274044
-127.8605358395437 8.216925532707585
-129.92167979014235 8.998660009381766
-131.98282374074097 11.523356159032815
-134.04396769133962 11.527509469055582
-136.10511164193827 15.491091889918938
-138.1662555925369 8.923390098683127
-140.22739954313553 3.8105900554873755
-142.28854349373418 12.350699538120988
-144.34968744433283 18.292767918493887
-146.41083139493148 9.616894917129937
-148.47197534553013 6.517945656713367
-150.53311929612875 12.457347231806247
-152.5942632467274 7.242346895854864
-154.655407197326 14.61085260413721
-156.7165511479247 14.480576727059566
-158.7776950985233 6.562000128177371
-160.83883904912196 16.03493539267223
-162.89998299972058 5.1947670727314605
-164.96112695031925 7.382331621904208
-167.02227090091787 14.568363802442565
-169.08341485151652 15.437872786051043
-171.14455880211514 8.07898375116854
-173.2057027527138 15.165485538180015
-175.26684670331244 10.873626159976013
-177.3279906539111 6.9536129029032026
-179.3891346045097 10.09020504906277
-181.45027855510835 7.206124780545525
-183.511422505707 16.005782005809227
-185.57256645630565 11.5389944844453
-187.6337104069043 4.795946643695919
-189.69485435750292 10.786991096097548
-191.75599830810157 8.204790448247524
-193.81714225870022 10.984353178618802
-195.87828620929886 4.764670867801776
-197.93943015989748 5.946889233933168
-200.0005741104961 11.829374768581369
-202.06171806109475 9.450502469493056
-204.1228620116934 8.52485500654895
-206.18400596229202 13.475040219269221
-208.24514991289067 3.3141926480290786
-210.3062938634893 15.355692288219744
-212.36743781408796 10.435655329286334
-214.42858176468658 6.647632117301987
-216.48972571528523 15.724794616404129
-218.55086966588385 8.825971838526725
-220.61201361648253 9.843085520402022
-222.67315756708118 3.209011660650468
-224.7343015176798 9.609370345909682
-226.79544546827844 15.682044472721248
-228.85658941887706 14.374350852847414
-230.91773336947574 10.272735533960521
-232.97887732007436 9.382793839723316
-235.040021270673 6.4749315295770975
-237.10116522127163 8.777229873802316
-239.16230917187028 19.964140729241524
-241.22345312246892 19.269576257384337
-243.28459707306757 14.209523575676236
-245.3457410236662 10.51221864162381
-247.40688497426484 19.770442243643732
-249.4680289248635 22.28670919643414
-251.52917287546214 13.657006434991004
-253.59031682606076 16.024489756149098
-255.6514607766594 14.674268448202104
-257.71260472725805 12.127681867337188
-259.7737486778567 19.54853959345318
