# BEGINHEADER
# This file contains data from the SALSA 2m radio telescope.
# DATE=2024-11-26T23:47:0031
# GLON and GLAT given in degrees
# GLON=239.81568836089096
# GLAT=-0.1819851547614738
# DATA in two columns below. Col. 1 is velocity relative to LSR [km/s]. Col. 2 is uncalibrated antenna temperature [K].
# ENDHEADER
265.0876884300548 9.90635857153768
263.0265444794562 19.471936055795435
260.9654005288576 11.40957284837053
258.9042565782589 15.683428191634517
256.8431126276603 7.679931870199058
254.78196867706166 9.63334130227031
252.72082472646298 12.787317856708722
250.65968077586436 15.598758882655327
248.5985368252657 11.530051455550563
246.53739287466706 9.495554272152036
244.47624892406844 14.101373025349218
242.41510497346977 7.742027396695934
240.35396102287115 18.175013181495192
238.2928170722725 21.154415140888656
236.23167312167388 5.923327811087998
234.17052917107523 5.194102443821022
232.10938522047658 11.202032395734257
230.04824126987793 16.840939836775654
227.98709731927931 14.94700384728124
225.92595336868067 21.141185467772118
223.86480941808205 18.264053044981004
221.80366546748337 17.753711218177198
219.74252151688475 16.3168529073737
217.6813775662861 10.416220778553967
215.62023361568748 7.662171101757879
213.5590896650888 17.364169724314134
211.49794571449019 10.013014431153863
209.43680176389154 7.400980844782316
207.3756578132929 14.170356840726939
205.31451386269427 14.620949975337545
203.2533699120956 8.612093198104214
201.19222596149697 14.501516199641328
199.13108201089833 13.94685888078859
197.06993806029968 5.521323861969912
195.00879410970103 8.925097967070222
192.9476501591024 14.534595021005263
190.88650620850373 16.176731862025377
188.8253622579051 9.501528255473513
186.76421830730646 13.337299459119652
184.70307435670784 12.119923459706758
182.64193040610917 -0.1895466530924472
180.58078645551055 13.65836446628814
178.5196425049119 15.255354888845421
176.45849855431328 7.811231759503648
174.39735460371463 15.057856574150255
172.33621065311598 14.855296429027062
170.27506670251734 8.696633608989455
168.2139227519187 10.253060415240654
166.15277880132007 20.288434181342758
164.09163485072142 12.550236059564588
162.03049090012277 11.702065708627938
159.96934694952412 11.110975581364146
157.9082029989255 14.132677124102065
155.84705904832686 3.290179819286741
153.78591509772824 16.19103109815274
151.72477114712956 19.132603285007097
149.66362719653094 9.842598513925005
147.6024832459323 11.3142218804101
145.54133929533367 10.200556860141177
143.480195344735 4.915220106638166
141.41905139413637 13.070174202808124
139.35790744353773 21.05390759765412
137.2967634929391 15.374777063055367
135.23561954234046 14.82353970255374
133.17447559174178 14.99605931420193
131.11333164114316 16.18410781959429
129.0521876905445 11.452025123969651
126.9910437399459 8.853709190574646
124.92989978934725 7.573863881194369
122.86875583874861 12.03286478224021
120.80761188814996 13.79849741426387
118.74646793755133 13.392637023854158
116.68532398695268 11.101756932695537
114.62418003635405 9.73844364328025
112.5630360857554 3.993705414703141
110.50189213515675 10.561901208443322
108.44074818455812 18.11647461106587
106.37960423395947 13.396249911848484
104.31846028336084 12.757705155336039
102.25731633276219 11.310189211052862
100.19617238216355 14.403456772954714
98.13502843156492 17.397615598193276
96.07388448096629 18.364304637789786
94.01274053036764 17.50010404620991
91.951596579769 24.900192182658106
89.89045262917037 34.36290721495442
87.82930867857172 28.94809231125641
85.76816472797309 35.567233936843095
83.70702077737444 38.04528494384518
81.6458768267758 39.131185301597675
79.58473287617716 37.49349232510301
77.52358892557852 34.86329920265744
75.46244497497989 38.79771605896434
73.40130102438123 41.30492110528812
71.34015707378259 37.89592775886222
69.27901312318394 45.99570643110331
67.21786917258531 39.09452842563616
65.15672522198668 36.02611581213679
63.09558127138803 44.20783910515689
61.03443732078939 45.96156488811324
58.973293370190746 41.01165913871114
56.91214941959211 39.52813828209748
54.85100546899347 44.39515434145817
52.78986151839483 37.83762219491244
50.72871756779619 33.003137601219116
48.66757361719755 33.07525789623153
46.606429666598906 32.29601969212285
44.54528571600026 27.967250553320522
42.484141765401624 18.330618271052163
40.42299781480298 18.80863879221311
38.36185386420434 16.48707529381578
36.3007099136057 17.448801266270554
34.23956596300706 17.39526775608427
32.17842201240842 24.686986533552446
30.117278061809778 33.68016200794203
28.056134111211136 35.02403369656203
25.9949901606125 40.03594182275741
23.933846210013858 49.95094511995229
21.872702259415217 51.34626355398074
19.811558308816576 53.59852836864813
17.750414358217935 52.90177387842293
15.689270407619293 40.539587645643444
13.628126457020654 36.98706807025709
11.566982506422013 34.139999739964274
9.505838555823372 33.57437824737436
7.444694605224731 23.182932874440002
5.38355065462609 17.58658079655156
3.3224067040274488 24.354489819954132
1.261262753428808 17.31107810279327
-0.799881197169833 23.173638046463086
-2.8610251477684736 20.193330135237495
-4.922169098367115 20.21224733391566
-6.983313048965754 6.531242603639067
-9.044456999564396 19.862881174556943
-11.105600950163037 12.077580669102703
-13.166744900761676 9.215694063632357
-15.227888851360317 14.628234615846202
-17.289032801958957 5.858110210506189
-19.3501767525576 10.991556090303535
-21.41132070315624 10.838126132318642
-23.47246465375488 16.40816719577864
-25.53360860435352 10.156439815238903
-27.594752554952162 12.783257927615105
-29.655896505550803 10.327295646807752
-31.717040456149444 14.572675446511134
-33.77818440674809 16.566361209306596
-35.83932835734673 12.76325374951114
-37.90047230794537 12.017716175241091
-39.961616258544005 5.837510597425049
-42.022760209142646 11.357430208808934
-44.08390415974129 18.09995180574736
-46.14504811033993 16.41391335279688
-48.20619206093857 10.79409819414811
-50.26733601153721 12.464741033398917
-52.32847996213586 17.136814477083206
-54.38962391273449 14.359680371894978
-56.450767863333134 19.501050891527964
-58.511911813931775 14.999685859890455
-60.573055764530416 9.826190497852894
-62.63419971512906 9.089964457413352
-64.6953436657277 8.837875566580934
-66.75648761632634 14.293436262994284
-68.81763156692497 13.15688010147244
-70.87877551752362 12.177660252960981
-72.93991946812226 12.69049671487873
-75.00106341872089 10.548356251294658
-77.06220736931954 7.8543579830449435
-79.12335131991817 14.818199504425516
-81.18449527051683 9.789945999816695
-83.24563922111547 9.034192165701045
-85.30678317171412 13.427231184795444
-87.36792712231275 13.896186840004745
-89.42907107291138 1.8529108436253865
-91.49021502351003 5.443364279759186
-93.55135897410867 14.436109692829623
-95.61250292470731 13.334000371396616
-97.67364687530595 13.153940510958458
-99.7347908259046 14.076095230990177
-101.79593477650324 14.954721540338504
-103.85707872710188 12.462590359011072
-105.91822267770053 11.297256050763622
-107.97936662829916 15.087272955478785
-110.0405105788978 13.136532135683074
-112.10165452949644 13.263558798011411
-114.16279848009508 11.602954896943922
-116.22394243069373 9.955353936942208
-118.28508638129236 9.679541044398091
-120.34623033189102 13.89123276793493
-122.40737428248966 16.707938169259613
-124.46851823308829 14.848271548513338
-126.52966218368694 13.805257330498678
-128.59080613428557 18.001496718777126
-130.65195008488422 6.755457444979964
-132.71309403548284 11.11037307931892
-134.7742379860815 18.64513448671735
-136.8353819366801 10.147104906098589
-138.89652588727878 13.101971917485107
-140.95766983787743 10.516670326424142
-143.01881378847605 7.718094445873056
-145.0799577390747 12.152612212930968
-147.14110168967335 12.757332617804254
-149.202245640272 9.091029878017045
-151.26338959087062 7.16769385000858
-153.32453354146926 11.931579810710828
-155.38567749206788 7.464845881882924
-157.44682144266656 7.725042902257201
-159.50796539326518 7.193167549014454
-161.56910934386383 6.478029262192406
-163.63025329446245 15.157775562310878
-165.6913972450611 14.741711604640093
-167.75254119565975 12.70634112264627
-169.8136851462584 13.944344811325664
-171.874829096857 13.19743307728655
-173.93597304745566 12.70163244582804
-175.9971169980543 10.497258191022564
-178.05826094865296 4.803542182216089
-180.1194048992516 17.550054217062364
-182.18054884985023 12.264211367297921
-184.24169280044887 17.478119145343893
-186.30283675104752 16.217073109085234
-188.36398070164617 10.705385835757149
-190.4251246522448 11.397024949513767
-192.48626860284344 13.585231860119041
-194.54741255344206 10.413976615921564
-196.60855650404073 11.02868501704306
-198.66970045463933 12.709499386407886
-200.73084440523797 6.3449402836803666
-202.79198835583662 23.426170136262247
-204.85313230643527 16.327703457014845
-206.9142762570339 11.400776590819193
-208.97542020763254 11.565387947488704
-211.03656415823116 9.252120675489284
-213.09770810882983 10.48896699609592
-215.15885205942845 8.100981219279186
-217.2199960100271 19.24235956645462
-219.28113996062575 16.69806963165825
-221.34228391122437 18.321987654950487
-223.40342786182305 10.261201715695202
-225.46457181242167 7.748097795141589
-227.52571576302032 15.047818896275393
-229.58685971361894 15.320017278157959
-231.6480036642176 17.846520556387706
-233.70914761481623 14.894635258134528
-235.77029156541488 20.62088919401046
-237.8314355160135 6.418750962982793
-239.89257946661215 15.724278205399218
-241.9537234172108 18.604145928228316
-244.01486736780944 15.160385896330148
-246.07601131840806 17.42690264170751
-248.1371552690067 15.736143701127075
-250.19829921960533 21.651720345871876
-252.259443170204 8.974995230911622
-254.32058712080263 7.924814853152382
-256.3817310714013 13.666916536027372
-258.4428750219999 13.354974446614873
-260.50401897259854 16.99644235135375
