# BEGINHEADER
# This file contains data from the SALSA 2m radio telescope.
# DATE=2024-11-27T00:08:0034
# GLON and GLAT given in degrees
# GLON=169.86252535040455
# GLAT=-0.32136594737255614
# DATA in two columns below. Col. 1 is velocity relative to LSR [km/s]. Col. 2 is uncalibrated antenna temperature [K].
# ENDHEADER
265.77998690660576 7.2766651968984375
263.7188429560071 12.202306367182347
261.6576990054085 9.61452378298395
259.59655505480987 13.080988883977064
257.5354111042112 12.808133977218985
255.47426715361257 11.371960805585815
253.41312320301395 11.473462241687153
251.3519792524153 11.544601541659985
249.29083530181666 10.924893661810808
247.229691351218 11.79346833204839
245.16854740061936 10.270885423265565
243.10740345002074 12.768296587586509
241.04625949942206 11.016642941080224
238.98511554882344 11.014714418893442
236.9239715982248 11.120851522943884
234.86282764762618 9.474549856664302
232.80168369702753 11.872439412587878
230.74053974642888 11.278251990594567
228.67939579583023 13.316375348828736
226.6182518452316 11.694170615076123
224.55710789463296 12.468241430717148
222.49596394403434 9.226353492067066
220.43481999343567 11.551148222891822
218.37367604283705 13.67033374076913
216.3125320922384 11.795582005776078
214.25138814163978 11.667587395533156
212.1902441910411 10.792448370448714
210.12910024044248 10.904941992915697
208.06795628984383 10.087677767622747
206.0068123392452 10.700346788512768
203.94566838864657 10.38320285132167
201.8845244380479 11.012649141294292
199.82338048744927 11.420699689534523
197.76223653685062 11.218797360158558
195.701092586252 10.32634502441189
193.63994863565335 11.605530976231101
191.5788046850547 10.533863665873028
189.51766073445606 11.439317727009685
187.45651678385744 12.719109172813688
185.3953728332588 11.856631458163676
183.33422888266017 11.416022004429026
181.2730849320615 11.325979335208412
179.21194098146287 11.781907963057376
177.15079703086423 9.244398309737424
175.0896530802656 11.036499863284
173.02850912966693 12.040230720665747
170.9673651790683 10.615322031489018
168.90622122846966 11.316146900671423
166.845077277871 10.869055553469032
164.7839333272724 12.008456237345152
162.72278937667372 11.24897038454531
160.6616454260751 11.249285131274814
158.60050147547645 11.339139886695989
156.53935752487783 12.03478224793123
154.47821357427918 11.837793456810859
152.41706962368053 12.067407250312414
150.35592567308188 11.993141413182272
148.29478172248326 11.36767952591454
146.23363777188462 11.011305057521183
144.17249382128597 12.085862141036651
142.11134987068732 13.616047277614387
140.0502059200887 12.148621019565857
137.98906196949005 12.289972351385039
135.92791801889143 12.17634293324034
133.86677406829276 11.053639301650863
131.80563011769414 10.330533734074773
129.7444861670955 11.347864896087183
127.68334221649685 11.992881506559026
125.6221982658982 10.776366234461655
123.56105431529957 11.307516740499663
121.49991036470092 11.627725141928364
119.43876641410229 10.00339697840937
117.37762246350364 11.270539115158275
115.31647851290501 12.086220802910749
113.25533456230637 11.663042478430814
111.19419061170773 11.6832922098057
109.13304666110908 11.425949853035188
107.07190271051043 10.201089774697525
105.0107587599118 11.252680036503278
102.94961480931315 10.780496104663728
100.88847085871451 10.67556724843415
98.82732690811586 10.865532302869505
96.76618295751722 11.458706594558961
94.70503900691858 9.802642042774123
92.64389505631995 11.917343771115592
90.5827511057213 11.460071002074892
88.52160715512267 11.852945193909232
86.46046320452402 10.508675298623967
84.39931925392538 10.2139486475192
82.33817530332674 10.473426339019316
80.2770313527281 8.956503390345988
78.21588740212947 10.212781200737966
76.15474345153082 10.123876503726956
74.09359950093219 10.14699173901044
72.03245555033352 9.65759375643133
69.97131159973489 9.97340217588771
67.91016764913624 10.953047306125303
65.84902369853761 12.072822931919987
63.78787974793897 10.168194484734556
61.726735797340325 12.075318916560198
59.665591846741684 10.556196592500994
57.60444789614305 9.931855931242122
55.54330394554441 10.301864413502512
53.48215999494577 10.221984088069085
51.42101604434713 10.404453569181488
49.359872093748486 9.859132988194409
47.298728143149845 11.850396735034415
45.23758419255121 9.679349118181307
43.17644024195256 10.515877647638815
41.11529629135392 12.47030833237367
39.05415234075528 11.564292413920363
36.99300839015664 11.875486182461376
34.931864439558 11.115657984698537
32.87072048895936 10.731109684200264
30.80957653836072 10.646342747026594
28.748432587762075 11.683032558222443
26.687288637163437 11.387881416352473
24.6261446865648 11.600173821327465
22.56500073596616 11.25108572260514
20.503856785367518 13.389181560807826
18.442712834768876 15.027439533460992
16.381568884170235 16.30566588361992
14.320424933571594 18.76268946679653
12.259280982972953 21.477708427450153
10.198137032374312 29.774396021383073
8.136993081775671 41.89398088761748
6.075849131177031 55.21459543786566
4.01470518057839 69.56695120907554
1.9535612299797496 76.31925036493075
-0.10758272061889138 91.17391552007186
-2.168726671217532 95.67515637687977
-4.229870621816174 100.31337937023662
-6.291014572414815 109.86578381433226
-8.352158523013456 115.47565715506794
-10.413302473612095 117.48513409170886
-12.474446424210736 116.50507529367336
-14.535590374809376 117.45533643349789
-16.596734325408015 111.12037469370227
-18.657878276006656 105.9025273988904
-20.7190222266053 99.6354766892246
-22.780166177203938 91.43271061594712
-24.841310127802583 83.14557742775182
-26.902454078401224 69.48263460211221
-28.96359802899986 60.57977363963055
-31.024741979598506 50.90060323968169
-33.08588593019714 41.0249166628992
-35.14702988079579 36.585879797084694
-37.20817383139443 31.662611304458473
-39.26931778199307 23.083631541305863
-41.33046173259171 17.801299413425426
-43.39160568319035 17.595965103562833
-45.45274963378899 16.94721618879834
-47.51389358438763 16.850429726109407
-49.57503753498627 14.67867944568521
-51.636181485584906 13.256680414201842
-53.697325436183554 13.342730681228248
-55.758469386782195 14.773033217189983
-57.81961333738084 13.492249996842595
-59.88075728797948 12.091401543649368
-61.94190123857812 12.598772016399133
-64.00304518917676 11.868964145768347
-66.0641891397754 8.831811365196604
-68.12533309037404 11.124842609436566
-70.18647704097268 11.912603085829991
-72.24762099157131 11.510883257490159
-74.30876494216996 10.417846655949655
-76.36990889276859 11.417242353517503
-78.43105284336724 8.816806787033606
-80.49219679396587 10.982967742821021
-82.55334074456454 11.53387921208798
-84.61448469516317 11.582336583819442
-86.6756286457618 9.491727172587586
-88.73677259636045 10.367050225262613
-90.79791654695909 11.58539039657395
-92.85906049755773 11.308533124703313
-94.92020444815637 11.47455752814761
-96.98134839875502 11.339619842125556
-99.04249234935365 11.767477078819343
-101.10363629995229 10.450778892482296
-103.16478025055092 10.782966909158775
-105.22592420114957 11.05443839376085
-107.2870681517482 9.87595396722626
-109.34821210234684 10.561935438264399
-111.40935605294548 8.916001386819554
-113.47050000354412 10.2935685185119
-115.53164395414277 9.057305880180508
-117.5927879047414 9.977835482545274
-119.65393185534005 11.163213108269195
-121.71507580593868 12.54483372523071
-123.77621975653733 10.826431274838438
-125.83736370713598 10.54835412280122
-127.89850765773461 10.766562387727634
-129.95965160833325 11.289975418409515
-132.0207955589319 10.034472822126297
-134.0819395095305 9.667536537879776
-136.14308346012916 9.833679917012772
-138.2042274107278 11.218270429422684
-140.26537136132646 10.41462145766172
-142.3265153119251 11.03446260866942
-144.38765926252373 9.174134021151175
-146.4488032131224 9.774181229209812
-148.50994716372102 11.112437463267293
-150.57109111431967 11.605223237484578
-152.6322350649183 9.529981079241836
-154.69337901551694 10.291111923276311
-156.7545229661156 11.206853088513835
-158.81566691671424 11.37296696490463
-160.87681086731286 12.364377616437285
-162.9379548179115 10.694368074349931
-164.99909876851012 11.285543288613935
-167.0602427191088 10.800847657915034
-169.12138666970742 11.433336618378483
-171.18253062030607 11.787034639671173
-173.2436745709047 11.743126815496252
-175.30481852150336 11.239266421970818
-177.36596247210198 11.618565877442846
-179.42710642270063 11.75381174748184
-181.48825037329928 10.786641679428946
-183.5493943238979 11.698574770066772
-185.61053827449658 11.756546855970322
-187.6716822250952 14.006383352018707
-189.73282617569384 12.29402693083999
-191.79397012629246 13.091435304503104
-193.8551140768911 11.765234898536027
-195.91625802748976 11.269586365645386
-197.9774019780884 11.969657610681114
-200.03854592868703 12.04349073199781
-202.09968987928568 11.8921692899041
-204.1608338298843 12.463503392954289
-206.22197778048297 12.25230173844262
-208.2831217310816 11.55156505662855
-210.34426568168024 11.157046322277202
-212.40540963227886 12.95894940531503
-214.46655358287754 12.375162978239649
-216.52769753347616 11.79383741598893
-218.5888414840748 13.113171410457166
-220.64998543467345 12.666551689989594
-222.71112938527207 12.8594262933675
-224.77227333587075 11.586228976018123
-226.83341728646937 11.969571650576194
-228.89456123706802 12.922126593913223
-230.95570518766664 11.572502498140286
-233.0168491382653 12.911474342130147
-235.07799308886393 11.72046269231201
-237.13913703946258 11.67802214772947
-239.2002809900612 13.539217469831708
-241.26142494065985 11.49529545865559
-243.3225688912585 12.781639085094996
-245.38371284185715 13.370507962144595
-247.44485679245577 13.469815309428158
-249.50600074305441 11.253888704070281
-251.56714469365303 12.734052523299027
-253.6282886442517 12.957178529863087
-255.68943259485033 10.744484400363168
-257.750576545449 11.20238086194036
-259.8117204960476 14.054087474116647
