# BEGINHEADER
# This file contains data from the SALSA 2m radio telescope.
# DATE=2024-11-26T23:58:0041
# GLON and GLAT given in degrees
# GLON=109.91384352199384
# GLAT=-0.03805866440015897
# DATA in two columns below. Col. 1 is velocity relative to LSR [km/s]. Col. 2 is uncalibrated antenna temperature [K].
# ENDHEADER
265.63619354168225 5.19701184401965
263.57504959108365 11.024522812048405
261.513905640485 7.874647654450196
259.45276168988636 6.806602491981579
257.3916177392877 11.546400940708967
255.33047378868906 7.8725960059773685
253.26932983809044 10.126108591046373
251.2081858874918 14.043752795748585
249.14704193689317 10.234656565849486
247.08589798629453 12.857765261177715
245.02475403569588 12.88802601962006
242.96361008509723 3.623345515787041
240.9024661344986 10.472930015598832
238.84132218389996 12.659193872346425
236.78017823330134 8.73741458044856
234.71903428270267 9.227548368338592
232.65789033210405 9.887917751409432
230.5967463815054 7.882211544069454
228.53560243090675 5.318151403717383
226.47445848030813 5.682692644914998
224.41331452970945 9.347318823198197
222.35217057911083 3.3169563700711344
220.29102662851218 14.471433731038617
218.22988267791357 7.790495333073275
216.1687387273149 8.314609711931512
214.10759477671627 15.902351004417557
212.04645082611762 14.630647190404694
209.985306875519 12.205830034568512
207.92416292492035 12.862832769176121
205.8630189743217 9.612192522360766
203.80187502372306 11.299190201695021
201.74073107312444 17.022525525702928
199.6795871225258 5.495420230872244
197.61844317192714 2.3796796288732867
195.5572992213285 9.792587651823386
193.49615527072982 7.656539508368843
191.4350113201312 5.270266124529242
189.37386736953255 16.92564824689079
187.31272341893393 18.646671549875933
185.25157946833528 8.37626866078667
183.19043551773663 18.299143795931872
181.12929156713798 16.197912470671614
179.06814761653936 7.84341745450251
177.00700366594072 10.979607979821393
174.94585971534207 18.953010623509137
172.88471576474342 8.522208242942028
170.8235718141448 5.220589560886978
168.76242786354615 12.335361574014849
166.70128391294753 8.689262693773145
164.64013996234885 10.165643412775395
162.57899601175023 18.24274385754361
160.5178520611516 18.94944253070974
158.45670811055297 12.866320471886562
156.39556415995432 17.723767209250738
154.33442020935564 7.308484100020623
152.27327625875702 4.328657273457918
150.21213230815837 10.292307165572918
148.15098835755975 19.933940609922637
146.08984440696108 7.932247838495349
144.02870045636246 14.105854090614192
141.9675565057638 13.867421656798966
139.9064125551652 12.758686877821875
137.84526860456654 15.3303602667595
135.7841246539679 12.721726409047115
133.72298070336925 10.260175710494819
131.66183675277063 12.382377353684207
129.60069280217198 9.795090826580457
127.53954885157333 16.00874345607913
125.4784049009747 14.08752194871322
123.41726095037605 16.393636231395405
121.35611699977741 11.120315736096535
119.29497304917876 10.259695047509572
117.23382909858013 17.666069900596995
115.1726851479815 11.467406340290303
113.11154119738285 6.679221983420242
111.05039724678421 8.164554975147508
108.98925329618557 11.313051628568267
106.92810934558693 12.72270887151621
104.86696539498828 11.705715226286598
102.80582144438965 8.817299350076254
100.74467749379102 0.9595260940028537
98.68353354319237 13.74335905190606
96.62238959259372 8.742121974310818
94.56124564199507 16.326852903114126
92.50010169139644 7.049599201701814
90.43895774079779 11.657151461382288
88.37781379019916 11.634091546824981
86.31666983960052 12.744461940350948
84.25552588900187 11.18573193929099
82.19438193840324 9.465909963022378
80.13323798780459 10.983088183759634
78.07209403720596 7.971359087729422
76.01095008660731 9.581960975218529
73.94980613600868 12.64275221620265
71.88866218541004 9.14383903282816
69.8275182348114 12.79940758961551
67.76637428421276 13.11575749679979
65.70523033361411 8.509086626091566
63.64408638301547 8.111692093136
61.58294243241683 10.439287392036707
59.52179848181819 8.513253231889855
57.46065453121955 2.421545094706114
55.399510580620905 3.2700790153019743
53.33836663002227 5.523470111488657
51.27722267942363 11.182492843905807
49.21607872882499 17.557732658252334
47.15493477822634 9.915317947026153
45.0937908276277 11.512271957254422
43.03264687702906 6.610407436296878
40.97150292643042 8.229518700666633
38.910358975831784 7.13462018447392
36.84921502523314 10.858002605183817
34.7880710746345 14.423308287221277
32.72692712403586 14.51376190828346
30.665783173437216 8.521790780038238
28.60463922283858 9.529688105484304
26.543495272239937 11.271103760173245
24.482351321641293 10.37817290840246
22.421207371042655 12.18225340717282
20.360063420444014 16.77977222078294
18.298919469845373 15.630778825781453
16.237775519246732 11.583886201421926
14.176631568648093 15.714813578712263
12.115487618049452 16.475451092522338
10.054343667450812 20.4524555770465
7.99319971685217 27.221362124036606
5.932055766253529 35.81178342641879
3.8709118156548885 55.71450385705398
1.8097678650562476 65.73381317624317
-0.2513760855423931 94.09144455275981
-2.312520036141034 95.32462539141801
-4.3736639867396745 92.57077871821042
-6.434807937338315 96.75288443901594
-8.495951887936956 83.44120192457717
-10.557095838535597 85.62956114468285
-12.61823978913424 79.06332919833554
-14.679383739732879 74.31409743535538
-16.740527690331522 59.42137807583715
-18.80167164093016 54.272457634338444
-20.8628155915288 40.32528131782773
-22.92395954212744 29.084865464926885
-24.985103492726086 27.583929245634767
-27.046247443324724 36.99267058262054
-29.107391393923365 34.42945328495681
-31.168535344522006 50.68224227516605
-33.22967929512065 38.65081401948452
-35.29082324571929 51.130671773693884
-37.35196719631793 55.142598729214555
-39.41311114691657 51.985146069571215
-41.47425509751521 69.54750176336412
-43.535399048113845 66.26296366240345
-45.596542998712486 75.67556609385215
-47.65768694931113 84.1837358627362
-49.718830899909776 83.21682925259324
-51.77997485050842 86.62785006236092
-53.84111880110706 85.77752406891683
-55.9022627517057 79.82102185722691
-57.96340670230433 66.37386167320405
-60.024550652902974 58.77124057209069
-62.085694603501615 59.20437368744008
-64.14683855410026 48.4537739441727
-66.2079825046989 50.84577056453133
-68.26912645529754 55.15555496191045
-70.33027040589619 49.35263230360918
-72.39141435649482 40.814875990136635
-74.45255830709347 30.31648640329748
-76.5137022576921 36.26667200073895
-78.57484620829074 32.68516315246771
-80.63599015888938 21.807505508737513
-82.69713410948802 27.207901183355204
-84.75827806008667 23.269979243226377
-86.8194220106853 17.466921616728893
-88.88056596128395 27.99884112313103
-90.94170991188258 25.744396835201478
-93.00285386248122 20.49657109860464
-95.06399781307987 29.35659060775722
-97.12514176367851 34.04599538523447
-99.18628571427716 28.221145124827785
-101.2474296648758 25.969711475419867
-103.30857361547444 29.025792674804993
-105.36971756607308 16.2917500118021
-107.43086151667171 9.898031551399509
-109.49200546727036 22.952329707000505
-111.553149417869 23.318647761989336
-113.61429336846764 15.816484839469148
-115.67543731906628 21.366577219714685
-117.73658126966492 16.3265897876763
-119.79772522026356 8.984730040590081
-121.85886917086219 16.75710758101836
-123.92001312146084 11.368834223147113
-125.98115707205947 8.697953576387443
-128.04230102265814 9.316912859413227
-130.10344497325676 13.268391912372763
-132.1645889238554 9.752618586971622
-134.22573287445402 11.34522096825584
-136.2868768250527 10.268585807958184
-138.34802077565132 15.884785782506125
-140.40916472624997 7.974657254357885
-142.4703086768486 11.262748092162477
-144.53145262744727 16.638237351092553
-146.59259657804589 11.194742573468865
-148.65374052864453 16.695341235372982
-150.71488447924315 6.846934985385394
-152.7760284298418 10.965547153741912
-154.83717238044048 8.485894313457536
-156.8983163310391 7.218979475313275
-158.95946028163775 4.322262724822433
-161.02060423223637 6.8041831954573695
-163.081748182835 8.841285818802875
-165.14289213343366 16.497058726563612
-167.2040360840323 8.891076386739119
-169.26518003463093 9.424510349602865
-171.32632398522958 7.032489588010888
-173.38746793582823 4.316528616806271
-175.44861188642687 7.460380538747586
-177.5097558370255 6.799073985925556
-179.57089978762414 10.997271888461558
-181.63204373822276 10.972371297189234
-183.69318768882144 8.277671741241225
-185.75433163942006 7.756085033254671
-187.8154755900187 9.49248545072952
-189.87661954061733 13.892218942018937
-191.93776349121597 15.01572876738326
-193.99890744181465 7.584773944160785
-196.06005139241327 10.632342639697644
-198.12119534301192 9.043457130271342
-200.18233929361054 10.782598279132745
-202.2434832442092 9.621059454871425
-204.3046271948078 6.134941143691585
-206.36577114540646 6.14457330577455
-208.42691509600508 22.117351891147145
-210.48805904660375 13.369517679442152
-212.54920299720237 4.994212949696219
-214.61034694780102 5.432187681184815
-216.67149089839964 15.042878752411504
-218.7326348489983 8.999480181200909
-220.79377879959694 19.40312457643878
-222.85492275019558 4.182828786629388
-224.9160667007942 14.914624045966395
-226.97721065139285 9.055079893783688
-229.03835460199147 5.541409405550586
-231.09949855259015 9.027262600468895
-233.16064250318877 11.937615393175024
-235.22178645378742 8.307588239672933
-237.28293040438606 8.861102228173637
-239.3440743549847 6.771880508908663
-241.40521830558336 5.399864353033354
-243.46636225618198 16.249592894667856
-245.52750620678063 7.516718178883774
-247.58865015737925 15.229716133940187
-249.64979410797793 13.276682442229651
-251.71093805857655 21.806310243333254
-253.7720820091752 16.202689690364995
-255.8332259597738 9.529851031269244
-257.89436991037246 9.206498007438531
-259.9555138609711 11.755956029663457
