# BEGINHEADER
# This file contains data from the SALSA 2m radio telescope.
# DATE=2024-11-27T00:16:0059
# GLON and GLAT given in degrees
# GLON=229.88069573772626
# GLAT=-0.25674966314705894
# DATA in two columns below. Col. 1 is velocity relative to LSR [km/s]. Col. 2 is uncalibrated antenna temperature [K].
# ENDHEADER
265.19911018788036 9.746778049528181
263.13796623728166 23.564424939494483
261.07682228668307 11.323439990626579
259.0156783360844 5.188350612297624
256.9545343854858 16.491252861257987
254.89339043488715 11.170020412300158
252.8322464842885 6.536583049789565
250.77110253368988 8.552701914443189
248.7099585830912 6.882611005780472
246.6488146324926 10.762172628200517
244.58767068189394 13.056967320144748
242.52652673129532 10.981153094626002
240.46538278069667 7.835675502697325
238.40423883009802 8.539203001757139
236.34309487949938 14.863222679578628
234.28195092890076 13.606632709229393
232.2208069783021 14.86645884754639
230.1596630277035 17.666504685422744
228.0985190771048 12.522904530686292
226.0373751265062 10.511719199712616
223.97623117590754 8.675796621674113
221.9150872253089 14.41210942520457
219.85394327471025 20.379184269662588
217.7927993241116 14.696433566926089
215.73165537351298 7.697823803335715
213.67051142291433 6.061129209493049
211.6093674723157 9.812646466935247
209.54822352171703 14.729418092731496
207.48707957111841 15.043696187697844
205.42593562051977 12.870253886798324
203.36479166992115 11.541650645618695
201.3036477193225 14.196301483465456
199.24250376872385 19.492931086149856
197.18135981812517 13.102533756001883
195.12021586752655 8.333681246530917
193.0590719169279 16.60541805378229
190.99792796632929 16.370833906841334
188.93678401573064 9.53121676999676
186.87564006513196 17.3230025832951
184.81449611453334 6.983541277919651
182.7533521639347 8.4787820246016
180.69220821333607 6.041822941963784
178.6310642627374 15.183092125226622
176.56992031213878 10.295116742431256
174.50877636154013 11.38138496402646
172.4476324109415 14.320900746763481
170.38648846034286 20.532950982502964
168.3253445097442 17.369523108944005
166.26420055914556 15.971687914001883
164.20305660854694 19.7145642858841
162.1419126579483 10.198478824040963
160.08076870734968 11.901109421172881
158.019624756751 23.87951384665852
155.95848080615238 16.885578873431097
153.89733685555373 13.266643899151344
151.8361929049551 15.967420384710517
149.77504895435644 20.33503258066487
147.7139050037578 10.028149416034008
145.65276105315917 16.44410370967716
143.59161710256052 8.197093494542147
141.5304731519619 11.085397959043826
139.46932920136322 17.553965524870705
137.4081852507646 12.978822871966395
135.34704130016596 16.4718709127494
133.28589734956734 14.144475453470799
131.2247533989687 9.927357038535721
129.16360944837004 17.604159709223072
127.10246549777139 11.932045355035628
125.04132154717276 16.03780020276258
122.98017759657411 10.089787077313725
120.91903364597547 10.69900063012001
118.85788969537684 16.46547570225995
116.79674574477819 15.428502656882728
114.73560179417956 17.95128386651736
112.67445784358091 8.539133058206867
110.61331389298228 8.480905182325369
108.55216994238363 13.051190045311872
106.491025991785 10.21771975539113
104.42988204118636 17.968436597661945
102.36873809058771 20.782337783352517
100.30759413998908 20.983932174252796
98.24645018939044 17.732753051833736
96.18530623879181 20.93224620973962
94.12416228819316 13.90234865632613
92.06301833759453 16.179966904299146
90.00187438699587 26.17715132652652
87.94073043639723 29.821309656989182
85.8795864857986 27.616513012045946
83.81844253519995 30.157139958056458
81.75729858460132 28.665434019636027
79.69615463400267 36.663960403582315
77.63501068340403 36.131435637247606
75.57386673280539 43.13107947640122
73.51272278220675 40.38994303597845
71.45157883160812 53.675487086844726
69.39043488100947 53.158398036124055
67.32929093041083 52.44459210583289
65.26814697981219 48.29136939232956
63.20700302921355 50.11247543294149
61.14585907861491 37.76177157305039
59.08471512801626 42.64678945115807
57.02357117741762 43.79220322444177
54.96242722681898 45.8044377369968
52.90128327622034 57.05151654943865
50.840139325621706 52.99239640176355
48.77899537502306 54.85225450094664
46.71785142442442 60.68364446024746
44.656707473825776 64.32595113312671
42.595563523227135 65.12447207787194
40.534419572628494 62.06565724148324
38.47327562202985 62.57332951402928
36.41213167143121 50.59093326042148
34.35098772083257 46.5299808152148
32.28984377023393 52.81060775781827
30.228699819635292 43.41983040666339
28.16755586903665 52.707364476732835
26.106411918438006 54.235465709930786
24.04526796783937 56.997866548736404
21.98412401724073 66.41652166228643
19.92298006664209 75.24770321946406
17.86183611604345 81.10843176895911
15.800692165444808 71.14222646113765
13.739548214846167 58.32864658118482
11.678404264247526 45.52334106305873
9.617260313648883 42.36498010189746
7.5561163630502435 34.96359367501196
5.494972412451603 38.48950846787149
3.4338284618529626 50.579798818503114
1.3726845112543216 56.64557592602579
-0.6884594393443193 55.43284690111129
-2.74960338994296 26.208444483512874
-4.8107473405416 21.88196700556429
-6.871891291140242 12.331963617572056
-8.933035241738882 16.594908767777785
-10.994179192337524 19.884220830619615
-13.055323142936162 7.321200301751082
-15.116467093534805 11.653815138649435
-17.177611044133446 9.974374238355079
-19.238754994732084 15.598712344197835
-21.299898945330725 9.825948034191804
-23.36104289592937 14.842160428570322
-25.42218684652801 21.725807139708436
-27.48333079712665 15.772662615546075
-29.544474747725292 15.048496394290028
-31.605618698323934 16.564632634162177
-33.66676264892257 12.168805923260107
-35.72790659952121 13.955159518754883
-37.78905055011986 12.454916285809144
-39.8501945007185 15.186582374933087
-41.911338451317135 7.925889742883117
-43.97248240191578 16.490039520156436
-46.03362635251442 12.843760389195477
-48.09477030311306 13.58165996686256
-50.15591425371169 8.623578879443096
-52.217058204310334 5.596866045132827
-54.278202154908975 10.12308904618893
-56.33934610550762 8.766087834981152
-58.40049005610626 10.459814705960659
-60.4616340067049 8.020229719576394
-62.52277795730354 17.756695291692616
-64.58392190790218 20.891901336821537
-66.64506585850083 17.0260109685039
-68.70620980909946 4.898180356105347
-70.76735375969811 10.447541274655823
-72.82849771029674 8.758177834032821
-74.88964166089539 16.66854648321196
-76.95078561149403 16.286454907394468
-79.01192956209266 16.10585495116136
-81.07307351269131 11.347558409491086
-83.13421746328994 18.696956129024972
-85.19536141388859 4.670531966933932
-87.25650536448723 8.272444977931203
-89.31764931508587 15.53334506743885
-91.37879326568451 4.685900161040064
-93.43993721628314 21.25316580279461
-95.50108116688179 15.25903377999925
-97.56222511748042 11.023346772851506
-99.62336906807907 12.590873800152472
-101.68451301867772 4.654572246905246
-103.74565696927637 8.732214287676092
-105.80680091987502 9.062661425715387
-107.86794487047365 10.943383574602192
-109.9290888210723 10.45320085179848
-111.99023277167093 7.490995798942616
-114.05137672226957 -2.1690349881111017
-116.11252067286821 9.327538350099829
-118.17366462346685 12.550129901418437
-120.2348085740655 4.382253844375143
-122.29595252466413 17.625042508225807
-124.35709647526278 13.378762506468018
-126.41824042586141 13.943259928093262
-128.47938437646005 17.132489723330476
-130.5405283270587 15.512213129819367
-132.60167227765734 10.028436604509848
-134.662816228256 13.227751277078303
-136.7239601788546 12.58521423951956
-138.78510412945326 17.00093798481961
-140.8462480800519 7.731952109203735
-142.90739203065056 11.812490742247318
-144.96853598124918 8.873077202815873
-147.02967993184782 20.627928069882994
-149.09082388244644 7.445717712643742
-151.15196783304512 15.223414936977886
-153.21311178364374 16.245625139519944
-155.2742557342424 14.200065086986909
-157.335399684841 0.44976593437927115
-159.39654363543966 9.791272326922904
-161.45768758603833 9.447882480760226
-163.51883153663695 9.19392026183314
-165.5799754872356 15.654877467778402
-167.64111943783422 1.9272529626276098
-169.70226338843287 -0.05491702447149821
-171.76340733903152 9.96331014552313
-173.82455128963016 15.370264678640966
-175.88569524022878 15.948807303826264
-177.94683919082743 12.049181068455514
-180.00798314142608 14.078698688534269
-182.06912709202473 9.247832696867727
-184.13027104262335 13.082664186434897
-186.191414993222 9.717612727413673
-188.25255894382062 13.453506331851388
-190.3137028944193 10.277483677498628
-192.3748468450179 11.660904230929042
-194.43599079561656 8.945648594219044
-196.49713474621518 13.018643576681127
-198.55827869681383 19.95373350405894
-200.61942264741245 7.883170003844463
-202.6805665980111 11.109202301841618
-204.74171054860975 7.459561580006839
-206.8028544992084 9.17119019013086
-208.86399844980704 9.651758854923491
-210.92514240040566 13.782655741938711
-212.9862863510043 18.847535499525744
-215.04743030160293 11.955235394841964
-217.1085742522016 8.53884264189246
-219.16971820280023 20.842019866626515
-221.23086215339887 21.96357109901665
-223.2920061039975 15.874728279697463
-225.35315005459614 20.164165617078925
-227.4142940051948 12.954886347010705
-229.47543795579344 6.392557108099046
-231.53658190639206 5.349027245826959
-233.5977258569907 22.46070879836709
-235.65886980758935 14.809317722770931
-237.720013758188 17.77036279439406
-239.78115770878662 15.322125027020897
-241.84230165938527 13.308070337613648
-243.90344560998392 9.437468588051088
-245.96458956058257 10.537415653115664
-248.02573351118122 15.234892300253284
-250.08687746177984 7.134885706098504
-252.14802141237848 14.511765400106832
-254.2091653629771 16.559957223377246
-256.27030931357575 14.096041945565563
-258.3314532641744 13.569635596875894
-260.39259721477305 11.705295242756863
