# BEGINHEADER
# This file contains data from the SALSA 2m radio telescope.
# DATE=2024-11-26T23:59:0002
# GLON and GLAT given in degrees
# GLON=109.95353742355212
# GLAT=-0.05556924671901576
# DATA in two columns below. Col. 1 is velocity relative to LSR [km/s]. Col. 2 is uncalibrated antenna temperature [K].
# ENDHEADER
265.62698470617914 6.754266237045269
263.56584075558044 12.743753237874813
261.50469680498185 10.530628050916954
259.4435528543832 13.415843686794686
257.38240890378455 11.464861812924308
255.3212649531859 10.724400053134287
253.26012100258725 11.435732766673247
251.19897705198863 13.56224729851876
249.13783310139 12.525722991798583
247.07668915079137 12.61720952232777
245.0155452001927 12.595508123114675
242.95440124959407 11.133537223109533
240.89325729899542 12.705059804865776
238.8321133483968 11.273154761731206
236.77096939779815 12.014804734691117
234.7098254471995 12.796822532363294
232.64868149660086 10.887667533353033
230.5875375460022 10.590740205756612
228.5263935954036 12.523735159489847
226.46524964480494 13.544199692535702
224.4041056942063 10.049509910546623
222.34296174360765 9.738072461936664
220.28181779300903 11.469643223238364
218.22067384241038 13.766100879710272
216.15952989181173 13.996218563015642
214.09838594121308 10.28975411231864
212.03724199061446 11.78982765346235
209.9760980400158 13.282251327981108
207.9149540894172 12.378464207401963
205.85381013881852 11.344306390901721
203.7926661882199 10.07160265341126
201.73152223762125 12.32316418771641
199.67037828702263 12.964242799687502
197.60923433642395 11.033958738117311
195.54809038582533 9.796096409001644
193.48694643522666 13.704264302672163
191.425802484628 11.443214240723888
189.3646585340294 10.768099782838547
187.30351458343074 14.002493208476869
185.2423706328321 11.466015646975995
183.18122668223344 12.743516669132354
181.12008273163482 12.535894859090313
179.05893878103618 10.696937473432085
176.99779483043756 13.968121233662512
174.93665087983888 12.371504068380615
172.87550692924026 12.039303946900414
170.8143629786416 11.623121314586543
168.753219028043 12.449539724102502
166.69207507744434 11.298193141042482
164.6309311268457 11.235458311772545
162.56978717624705 12.644385192350962
160.50864322564843 12.970306382877993
158.44749927504978 11.715524321125843
156.38635532445116 12.326937450962465
154.32521137385248 11.11269959082127
152.26406742325383 12.997411269131218
150.20292347265521 12.404104808440856
148.14177952205657 10.51272651042962
146.08063557145792 12.169351148025104
144.01949162085927 12.285378864656515
141.95834767026065 11.045159394380802
139.897203719662 11.581379374844333
137.83605976906338 13.059752339281278
135.7749158184647 11.094242961469348
133.7137718678661 9.847535778404312
131.65262791726744 13.63096472765224
129.5914839666688 11.567131374321546
127.53034001607016 11.997199564975606
125.46919606547152 12.476746578008468
123.40805211487287 10.485662187699736
121.34690816427424 12.652626020214896
119.28576421367559 11.942277394010578
117.22462026307696 12.51825800539176
115.16347631247832 11.608340905698725
113.10233236187968 11.35209366005452
111.04118841128104 11.78020803171468
108.9800444606824 10.331390451772014
106.91890051008376 10.877517052871191
104.85775655948511 12.475372161165826
102.79661260888648 11.565543430954516
100.73546865828784 11.93816754477737
98.6743247076892 13.491276228725082
96.61318075709055 12.21176608383377
94.5520368064919 10.93281497046163
92.49089285589326 11.667209045808846
90.42974890529462 12.022216220880434
88.36860495469598 11.308059358660705
86.30746100409735 12.664622718739704
84.2463170534987 12.835427928038722
82.18517310290007 12.681751700795466
80.12402915230142 11.99434946320522
78.06288520170278 12.162264962462997
76.00174125110414 12.3961569362403
73.9405973005055 10.493528647788766
71.87945334990687 10.138059660187901
69.81830939930822 9.394402355678755
67.75716544870959 11.982766002333491
65.69602149811094 10.393428809175656
63.634877547512296 11.966828251575505
61.573733596913655 11.15056765421554
59.512589646315014 10.86652879786401
57.45144569571637 10.666641162031038
55.39030174511773 11.211535541457522
53.32915779451909 10.253290789478182
51.26801384392046 10.785339121767066
49.20686989332181 10.389910910507984
47.14572594272317 11.96997165622753
45.08458199212453 12.010627062496079
43.023438041525885 10.815306771590544
40.962294090927244 9.289801808987296
38.90115014032861 10.34951844505009
36.84000618972997 11.235466154991824
34.77886223913133 9.700949427487966
32.71771828853269 9.509107942800311
30.656574337934043 9.672321897997483
28.595430387335405 11.449113058635653
26.534286436736764 12.352410336827958
24.473142486138123 13.336446157818823
22.41199853553948 12.897623559968537
20.350854584940844 12.08917774450155
18.289710634342203 14.953493441313576
16.228566683743562 15.749780467027186
14.167422733144921 15.631605475953737
12.106278782546278 19.200968818985505
10.045134831947637 23.265405506447433
7.983990881348997 30.341593595943635
5.922846930750357 39.86079814855577
3.8617029801517155 56.07505009261925
1.8005590295530745 71.08902700747204
-0.2605849210455662 85.98132812808923
-2.3217288716442073 93.43675316751084
-4.382872822242847 92.88675566761333
-6.444016772841489 90.11773866181521
-8.50516072344013 89.97584511407453
-10.56630467403877 87.38628492146555
-12.62744862463741 79.41977976741185
-14.68859257523605 72.67367743940137
-16.74973652583469 62.813231718347375
-18.810880476433333 50.651958362470495
-20.872024427031974 40.619380057906945
-22.93316837763061 38.69439677199465
-24.99431232822926 34.13494960835704
-27.055456278827897 35.7192395368953
-29.11660022942654 37.774293181226994
-31.17774418002518 41.41500663387087
-33.23888813062382 47.192228058680435
-35.30003208122246 49.333343450119095
-37.3611760318211 55.26784855511156
-39.422319982419744 56.45159244247766
-41.483463933018385 63.15898228716241
-43.54460788361702 71.51185903283479
-45.60575183421566 77.6801099474727
-47.66689578481431 85.71898517377964
-49.72803973541295 88.0276362326281
-51.78918368601159 85.22273813134674
-53.85032763661023 82.15365251209865
-55.91147158720887 80.07584434203049
-57.972615537807506 70.93202102543832
-60.03375948840615 61.968301275883874
-62.09490343900479 59.24193412679442
-64.15604738960343 58.201967672346576
-66.21719134020208 55.31371932125571
-68.27833529080071 54.9401277673854
-70.33947924139936 48.84841269255808
-72.400623191998 43.31224457585803
-74.46176714259664 38.33961607455558
-76.52291109319528 33.28165554264661
-78.58405504379391 30.723133974564995
-80.64519899439256 27.385103927809766
-82.70634294499119 25.59356908207632
-84.76748689558984 24.647510117315502
-86.82863084618847 23.42789398203936
-88.88977479678712 24.01821370893966
-90.95091874738576 25.9650278092222
-93.01206269798439 27.914223620381872
-95.07320664858304 30.808314955857025
-97.13435059918169 32.13023011902136
-99.19549454978034 32.40259225569249
-101.25663850037897 32.1067024357493
-103.31778245097762 27.630907068137915
-105.37892640157625 25.693422718528314
-107.44007035217489 22.22138438371151
-109.50121430277353 18.896161704914686
-111.56235825337217 16.89975318982996
-113.62350220397082 16.146875743357043
-115.68464615456945 16.47144976429217
-117.7457901051681 14.212270473303937
-119.80693405576673 14.26747226860283
-121.86807800636537 13.370592331153025
-123.92922195696401 14.081002415609714
-125.99036590756265 13.372011028047773
-128.0515098581613 11.92593120004391
-130.11265380875994 12.312698109480158
-132.17379775935856 15.022552094067676
-134.2349417099572 10.59146722995612
-136.29608566055586 11.28993416638727
-138.3572296111545 12.38399075103086
-140.41837356175313 12.007161452105443
-142.47951751235178 12.076427411621669
-144.54066146295042 11.59602817114183
-146.60180541354907 12.262504804092535
-148.6629493641477 9.678843716560873
-150.72409331474634 9.997547360118812
-152.78523726534496 10.045951030678454
-154.84638121594364 11.963688528649852
-156.90752516654229 11.031306514580168
-158.9686691171409 10.711841584536963
-161.02981306773955 11.974809291285265
-163.09095701833817 9.639555188996034
-165.15210096893685 10.294790576071955
-167.21324491953547 11.351254981337952
-169.27438887013412 9.261530708880427
-171.33553282073274 11.18784917767166
-173.3966767713314 11.075052994454694
-175.45782072193003 10.478475939586197
-177.51896467252868 10.060328435334403
-179.5801086231273 11.813334334998945
-181.64125257372595 11.492637433134291
-183.7023965243246 12.458423808030696
-185.76354047492325 11.052133219015088
-187.82468442552187 10.547514126686908
-189.88582837612051 11.59731719859381
-191.94697232671913 11.656900561246193
-194.0081162773178 9.96975597848164
-196.06926022791646 11.699670304605231
-198.13040417851508 11.067551178878913
-200.19154812911373 11.164388587910715
-202.25269207971235 12.359883284098762
-204.313836030311 12.105091088105702
-206.37497998090961 11.616543718401617
-208.43612393150826 12.57454656489622
-210.4972678821069 11.08675139369434
-212.55841183270556 12.093049114554256
-214.61955578330418 10.055336709171943
-216.68069973390283 11.879352291514115
-218.74184368450145 11.710579666346224
-220.80298763510012 12.681373134996512
-222.86413158569874 12.5359216273756
-224.9252755362974 13.036130130355268
-226.986419486896 12.468825809865425
-229.0475634374947 11.30297921555923
-231.1087073880933 11.846328775359666
-233.16985133869196 13.172030408122474
-235.2309952892906 12.99345112032766
-237.29213923988922 12.465767896890117
-239.3532831904879 10.565224690257018
-241.41442714108652 10.867980943061962
-243.47557109168517 12.858222974246978
-245.5367150422838 12.585223652041226
-247.59785899288244 13.233773785911492
-249.65900294348108 12.95788301541574
-251.72014689407973 12.67420966328407
-253.78129084467835 12.668476164285122
-255.842434795277 12.062203553616268
-257.9035787458756 10.721719923473028
-259.96472269647427 13.495877073365817
