# BEGINHEADER
# This file contains data from the SALSA 2m radio telescope.
# DATE=2024-11-26T23:18:0017
# GLON and GLAT given in degrees
# GLON=99.84334640070655
# GLAT=-0.027949375912477255
# DATA in two columns below. Col. 1 is velocity relative to LSR [km/s]. Col. 2 is uncalibrated antenna temperature [K].
# ENDHEADER
265.51275560613374 6.2563377216127405
263.4516116555351 15.195717403549946
261.39046770493644 12.010312826635058
259.3293237543378 14.251282639733335
257.26817980373914 11.82256718322053
255.2070358531405 11.346515706680277
253.14589190254188 11.255071505699737
251.08474795194323 12.34489034217569
249.02360400134458 12.586473318968283
246.96246005074596 13.462148097215778
244.90131610014728 13.046066589103607
242.84017214954866 12.535300281230803
240.77902819895002 14.668419477708438
238.7178842483514 11.087573519094313
236.65674029775272 12.14643229029173
234.5955963471541 12.804530807584559
232.53445239655545 11.681465022910567
230.47330844595683 12.53945653572383
228.41216449535818 11.76006561491174
226.35102054475954 12.253100377491814
224.2898765941609 12.515024324213101
222.22873264356227 13.528742078306738
220.16758869296362 11.263801125280127
218.106444742365 13.616448258864448
216.04530079176632 14.636102817262788
213.9841568411677 11.268477389622149
211.92301289056905 11.268839418490337
209.8618689399704 11.495408055309026
207.80072498937176 13.812254699493524
205.7395810387731 12.204830841181913
203.6784370881745 11.911133562687704
201.61729313757584 12.724799427857905
199.55614918697722 11.708805554903234
197.49500523637855 12.790277548033663
195.43386128577993 11.398414616614184
193.37271733518128 11.759687485808588
191.31157338458266 10.999863250901189
189.250429433984 13.571188510029593
187.18928548338536 11.638415690011007
185.1281415327867 12.44176916531116
183.0669975821881 11.707998342943434
181.00585363158945 11.168549571931406
178.9447096809908 12.388124773268935
176.88356573039215 13.947750407645387
174.82242177979353 14.841512266603088
172.76127782919488 11.215524613788078
170.70013387859623 10.683868313047732
168.63898992799759 13.70945679587327
166.57784597739894 12.486356167175478
164.51670202680032 12.15494434478256
162.45555807620167 11.20534457476211
160.39441412560305 12.807677622888434
158.33327017500437 12.17397695004288
156.27212622440575 12.461970713598443
154.2109822738071 10.637872733478304
152.14983832320848 12.14056078229409
150.08869437260984 12.055434716900326
148.0275504220112 11.724882881698557
145.96640647141254 10.16890752477577
143.90526252081392 12.733261620437945
141.84411857021527 11.770736274037446
139.78297461961662 10.319329450505533
137.72183066901798 9.847639078117128
135.66068671841936 12.401234160024556
133.5995427678207 12.12906238254441
131.53839881722206 10.262739940608308
129.4772548666234 11.951901437634131
127.41611091602478 11.252388686970413
125.35496696542614 11.713130035655084
123.2938230148275 12.512372035208202
121.23267906422886 12.297107325477251
119.17153511363023 11.593514936504574
117.11039116303158 10.741398374899164
115.04924721243295 13.041300214242932
112.98810326183428 12.724451484081174
110.92695931123565 11.337369552932277
108.86581536063701 11.89585840906661
106.80467141003837 12.722178683039505
104.74352745943973 10.736401599157833
102.68238350884108 10.601299042855551
100.62123955824245 12.553026393706665
98.56009560764382 11.534322909700236
96.49895165704518 9.153827381162397
94.43780770644653 10.905465474146943
92.3766637558479 12.529035712850627
90.31551980524925 10.906951243617266
88.25437585465062 11.982294309033497
86.19323190405198 12.068476709843992
84.13208795345334 11.837003354683668
82.0709440028547 11.068976769699354
80.00980005225605 12.824034097465839
77.94865610165742 11.877434665106712
75.88751215105877 11.336675843847948
73.82636820046012 13.636597125282227
71.76522424986149 10.351026694666015
69.70408029926284 11.059033684594963
67.64293634866421 12.993729944549345
65.58179239806556 11.706096673072034
63.520648447466925 9.848646169143947
61.459504496868284 10.80619200231218
59.39836054626964 11.767137341342037
57.337216595671 12.326177071201013
55.27607264507236 11.267934472656568
53.21492869447373 10.530654721785305
51.153784743875086 9.588764842215664
49.092640793276445 11.092158756594861
47.031496842677804 10.843452219773342
44.970352892079156 11.799410074132174
42.909208941480514 10.969608910940565
40.84806499088187 10.54490199802141
38.78692104028324 12.10849641424168
36.7257770896846 11.667719330710755
34.66463313908596 11.441451940017417
32.603489188487316 11.077158314022768
30.54234523788867 10.897066495342171
28.481201287290034 11.674149374076569
26.420057336691393 11.689169627241817
24.358913386092752 13.558619151951753
22.29776943549411 12.54353603722661
20.236625484895466 14.156168629240048
18.175481534296825 15.137520702954923
16.114337583698187 16.67569995267039
14.053193633099545 18.484133650112398
11.992049682500905 23.380653964861654
9.930905731902266 27.19072256664657
7.869761781303624 35.71116265591959
5.808617830704983 49.79295824752101
3.7474738801063423 65.25022896219889
1.6863299295077019 73.76797378661311
-0.3748140210909391 87.74488716253202
-2.4359579716895796 89.25032171956126
-4.497101922288221 82.06758278080905
-6.558245872886861 79.36249644071499
-8.619389823485502 72.68173574705646
-10.680533774084143 64.64649116132364
-12.741677724682784 60.783494183342015
-14.802821675281427 58.17340541123671
-16.863965625880063 57.41683414261209
-18.925109576478707 61.56193943559104
-20.98625352707735 62.26524212265647
-23.04739747767599 57.60755767548823
-25.108541428274627 54.70138891465794
-27.169685378873268 50.52077996452692
-29.23082932947191 47.28369583818708
-31.29197328007055 48.37911980603158
-33.35311723066919 51.61640454468883
-35.41426118126783 51.272380168328375
-37.475405131866474 50.97501108035559
-39.536549082465115 51.14300678094252
-41.597693033063756 51.25727631891472
-43.65883698366239 52.329275191140006
-45.71998093426103 55.72082532900181
-47.78112488485967 58.20141906854775
-49.84226883545831 61.10589153840038
-51.90341278605696 65.1454070802095
-53.9645567366556 65.14362675483319
-56.02570068725424 65.4002525367751
-58.08684463785288 65.1759027159853
-60.14798858845152 66.66515662453443
-62.20913253905016 67.86449492199716
-64.27027648964881 67.70894653409337
-66.33142044024744 63.40983486698625
-68.39256439084608 60.658531976970735
-70.45370834144472 54.07013122905217
-72.51485229204336 48.80059517528349
-74.575996242642 41.89053351327893
-76.63714019324064 34.893292616898314
-78.69828414383927 31.345454068815126
-80.75942809443794 25.70427030653319
-82.82057204503657 24.488668041945253
-84.88171599563522 24.535527163734944
-86.94285994623385 26.916639485785968
-89.0040038968325 26.273627632002743
-91.06514784743113 26.87641685264124
-93.12629179802977 31.580017659122035
-95.18743574862842 34.58909116376252
-97.24857969922705 33.176476661939844
-99.3097236498257 32.401197139151705
-101.37086760042435 29.373684757068947
-103.43201155102298 27.25555519633557
-105.49315550162163 23.96381281703
-107.55429945222026 21.19729770137321
-109.61544340281891 21.23963841912617
-111.67658735341755 18.940779448337043
-113.73773130401618 16.699253912672177
-115.79887525461483 15.729079905247062
-117.86001920521346 17.224237234847923
-119.92116315581212 15.263467142453367
-121.98230710641076 14.183098247440867
-124.0434510570094 12.08083709520699
-126.10459500760804 12.359892483157799
-128.16573895820667 11.700000621805307
-130.22688290880532 12.196481481424325
-132.28802685940397 10.109421043143069
-134.3491708100026 10.75840468727812
-136.41031476060124 11.37739221726891
-138.4714587111999 10.318277212652777
-140.5326026617985 10.668655535039118
-142.59374661239718 13.10432343072451
-144.6548905629958 12.779028284369751
-146.71603451359445 9.016951183873132
-148.77717846419307 9.60749576668424
-150.83832241479175 11.107169786418954
-152.89946636539037 10.493653122624895
-154.96061031598902 11.655877252243966
-157.02175426658764 12.73684346693458
-159.08289821718628 11.134251360270934
-161.14404216778493 10.85098234255969
-163.20518611838358 11.027707663257893
-165.2663300689822 10.012663964120712
-167.32747401958085 10.953664849823182
-169.38861797017947 12.033369194239521
-171.44976192077814 10.88176643201254
-173.51090587137676 9.796464822879665
-175.5720498219754 10.234866547894864
-177.63319377257406 11.78436669686701
-179.6943377231727 10.56819356803221
-181.75548167377136 10.318321114078044
-183.81662562436998 11.087527638389505
-185.87776957496862 8.37951206206071
-187.93891352556724 10.20848529118075
-190.00005747616592 11.602582401566721
-192.06120142676454 11.597957869935204
-194.1223453773632 10.004193246336108
-196.1834893279618 9.33686272301655
-198.24463327856046 10.556733262964164
-200.3057772291591 10.433577038950931
-202.36692117975775 11.200699544885078
-204.42806513035637 11.861713852911398
-206.48920908095502 11.648981679944384
-208.55035303155367 10.18035579087019
-210.61149698215232 11.375218227393363
-212.67264093275094 11.999254481644645
-214.73378488334959 10.655251741130977
-216.79492883394823 10.587156250044652
-218.85607278454688 11.260501019036717
-220.91721673514553 11.473346662704218
-222.97836068574415 11.399573985474637
-225.0395046363428 11.321851383555575
-227.10064858694142 11.273318131891784
-229.1617925375401 11.909410080777532
-231.2229364881387 11.499903602898279
-233.28408043873736 11.730508851502591
-235.34522438933598 12.209753323555464
-237.40636833993463 11.31747410085729
-239.46751229053328 12.190738762978572
-241.52865624113193 11.504343707877982
-243.58980019173055 11.737575014039514
-245.6509441423292 13.368855905043473
-247.71208809292784 11.389529315312684
-249.7732320435265 11.115881937896235
-251.8343759941251 12.2312451470218
-253.89551994472376 14.406669265253043
-255.9566638953224 12.92925962360793
-258.0178078459211 11.847098035258039
-260.0789517965197 13.905823780589033
