# BEGINHEADER
# This file contains data from the SALSA 2m radio telescope.
# DATE=2024-11-26T23:27:0035
# GLON and GLAT given in degrees
# GLON=139.86320517936682
# GLAT=-0.17749809399908328
# DATA in two columns below. Col. 1 is velocity relative to LSR [km/s]. Col. 2 is uncalibrated antenna temperature [K].
# ENDHEADER
265.8384073716209 6.875042534345129
263.77726342102227 12.451111289461297
261.7161194704237 5.750073779632774
259.65497551982503 7.998860798792683
257.5938315692264 6.661437484054684
255.53268761862773 12.561918460583618
253.4715436680291 16.32907823663983
251.41039971743047 6.797741994494512
249.34925576683182 11.460903466681094
247.28811181623317 13.013060354508536
245.22696786563455 14.790573624806436
243.1658239150359 8.392041878446904
241.10467996443728 12.39040427132607
239.0435360138386 11.102316545531103
236.98239206323998 9.144624432292815
234.92124811264134 5.407464286804526
232.86010416204272 5.406187044543722
230.79896021144407 13.696979294338318
228.7378162608454 11.958179115938538
226.67667231024677 7.4369886796474285
224.61552835964812 13.327498918612495
222.5543844090495 5.553262540481484
220.49324045845083 7.229503460811027
218.4320965078522 11.291499693749971
216.37095255725356 12.277603315268687
214.30980860665494 2.0346957187792465
212.2486646560563 4.951354163013948
210.18752070545764 12.404492166704363
208.126376754859 6.215414461343985
206.06523280426038 9.927251934997624
204.00408885366173 10.780881789877336
201.9429449030631 8.9519469536616
199.88180095246443 13.439553812626315
197.82065700186578 12.908347790668817
195.75951305126713 9.20430988425982
193.69836910066851 3.0523823576934874
191.63722515006987 11.053587107321134
189.57608119947122 11.767096019966724
187.51493724887257 7.217347037813587
185.45379329827392 15.525701626520751
183.3926493476753 17.67757176039767
181.33150539707665 11.93342966874641
179.270361446478 4.948858641333751
177.20921749587936 6.985489328374557
175.14807354528074 14.113337956705875
173.0869295946821 10.978308409939107
171.02578564408347 10.63585123242895
168.9646416934848 9.132715900772212
166.90349774288617 9.103160480877772
164.84235379228753 12.675622204386036
162.7812098416889 6.735290853435495
160.72006589109026 15.410476503543892
158.6589219404916 10.193310707233227
156.59777798989296 9.949914225893034
154.5366340392943 12.258168175228665
152.4754900886957 6.089610979819175
150.41434613809702 7.299595489467942
148.3532021874984 11.398864189497756
146.29205823689975 10.342013350624306
144.23091428630113 13.244824199898531
142.16977033570248 15.858046050109488
140.10862638510383 8.594266475653413
138.04748243450518 16.28871324019381
135.98633848390656 17.025096054503305
133.92519453330792 13.743835186381332
131.8640505827093 6.925531574299649
129.80290663211065 6.134601293682529
127.74176268151199 19.304583604346504
125.68061873091335 6.744665840603358
123.6194747803147 9.097737743288784
121.55833082971607 7.675750702664514
119.49718687911744 8.08562137382265
117.43604292851879 11.02940527395367
115.37489897792015 10.735955693159726
113.3137550273215 15.848930448973135
111.25261107672287 12.696049052907457
109.19146712612422 6.671404480759362
107.13032317552559 7.400410312276095
105.06917922492696 4.934718032823946
103.00803527432831 9.90007539551642
100.94689132372967 11.17108707104553
98.88574737313104 9.120428868630103
96.8246034225324 7.988137251493608
94.76345947193374 5.289510079746355
92.70231552133511 7.6545699353378795
90.64117157073646 10.045038045629378
88.58002762013783 3.44930241898859
86.51888366953919 6.909057889548667
84.45773971894054 9.859796725331437
82.39659576834191 13.832888435015402
80.33545181774326 6.520004009358199
78.27430786714463 11.405929069734173
76.21316391654598 12.090934084826918
74.15201996594735 8.556961185922212
72.09087601534871 12.715189628638262
70.02973206475006 15.140809299233233
67.96858811415143 12.459378301197374
65.90744416355278 9.69138950773938
63.84630021295414 2.150255284793585
61.7851562623555 6.384109601367991
59.72401231175686 10.190195330359048
57.66286836115822 3.7192905919509007
55.60172441055958 7.859064406908891
53.540580459960935 15.786314752396065
51.4794365093623 14.638630868427038
49.41829255876366 11.310170457818034
47.35714860816501 9.070616757915703
45.29600465756637 6.195382845868305
43.23486070696773 3.9425616208772793
41.17371675636909 16.974965699855574
39.11257280577045 22.026043984737814
37.051428855171814 10.828397833803878
34.99028490457317 12.815510835868356
32.92914095397453 8.375983736102492
30.867997003375887 6.412295644147505
28.806853052777246 11.625830051985961
26.74570910217861 13.304293796064
24.684565151579964 10.676056538008055
22.623421200981323 4.704642130136159
20.56227725038268 5.751904611385626
18.50113329978404 11.682835326647753
16.4399893491854 14.46199596510736
14.378845398586758 3.1332596875892182
12.317701447988119 16.63723803007813
10.256557497389478 15.115145980472718
8.195413546790837 21.484930565991988
6.134269596192197 35.88330465723649
4.073125645593556 43.19080607677808
2.011981694994915 63.7795745581374
-0.04916225560372593 68.42789645569354
-2.1103062062023663 77.67983010853986
-4.171450156801008 76.2580695376699
-6.232594107399648 81.89482022315515
-8.29373805799829 74.80379834391685
-10.35488200859693 73.50277393197388
-12.41602595919557 85.88877061354343
-14.477169909794211 85.92992092293987
-16.538313860392854 72.98530176499116
-18.599457810991492 73.56180757891714
-20.660601761590133 55.20797296520696
-22.721745712188774 49.24330777907238
-24.78288966278741 46.13713239938718
-26.844033613386056 51.577720070941034
-28.905177563984694 55.47693646832949
-30.966321514583335 64.23449018076009
-33.027465465181976 73.7552193876707
-35.08860941578062 80.34786537881406
-37.14975336637926 91.34730045814604
-39.2108973169779 100.74234425010822
-41.27204126757654 100.3603764041291
-43.33318521817518 90.91707441820519
-45.394329168773815 83.8234296803414
-47.455473119372456 64.14676770309546
-49.516617069971105 78.45434126841651
-51.577761020569746 63.2584296151156
-53.63890497116839 60.27394129276924
-55.70004892176703 51.13822607425559
-57.76119287236567 56.36204840478507
-59.8223368229643 33.55432565958754
-61.883480773562944 36.33518219162473
-63.944624724161585 35.55285744053481
-66.00576867476023 29.5739718794642
-68.06691262535887 26.465458790482813
-70.12805657595752 28.584667135514685
-72.18920052655615 26.42186167722258
-74.2503444771548 37.95638178893184
-76.31148842775343 35.85858136894585
-78.37263237835208 24.27468180104636
-80.43377632895071 26.57311653758948
-82.49492027954935 18.13966331601662
-84.556064230148 19.697727213066052
-86.61720818074663 16.779670756088656
-88.67835213134528 19.66221044526708
-90.73949608194391 17.97305845733826
-92.80064003254256 14.46567640869662
-94.8617839831412 19.898168924588703
-96.92292793373983 20.21303226598213
-98.98407188433849 9.815377890793883
-101.04521583493714 5.834856251647611
-103.10635978553577 11.279629327779048
-105.16750373613442 18.708483883101277
-107.22864768673305 12.494024978246545
-109.2897916373317 7.70491669173533
-111.35093558793034 14.226329361172118
-113.41207953852899 8.267594383350607
-115.47322348912762 12.100025203931498
-117.53436743972625 14.785958618207108
-119.5955113903249 6.112809157479509
-121.65665534092354 10.058745198796663
-123.71779929152218 13.379727039633611
-125.77894324212082 6.104367663212686
-127.84008719271945 8.03455712856215
-129.9012311433181 9.210584955263998
-131.96237509391676 8.345370353689757
-134.02351904451538 3.386062107233173
-136.08466299511403 6.419764368869541
-138.14580694571265 7.798821646015588
-140.20695089631133 6.463709915808223
-142.26809484690995 11.126602349685804
-144.3292387975086 7.73859649526169
-146.3903827481072 13.020892361676015
-148.45152669870586 15.679611400448149
-150.5126706493045 12.762356576446292
-152.57381459990316 8.570565348490804
-154.63495855050178 7.9429906465626985
-156.69610250110043 10.526281216234796
-158.75724645169907 8.801156152091616
-160.81839040229772 4.504115171291674
-162.87953435289637 4.62183943950574
-164.940678303495 6.693817494014954
-167.00182225409364 4.647276195303859
-169.0629662046923 -1.138336395985973
-171.12411015529094 5.382546999145491
-173.18525410588956 5.184529390842479
-175.2463980564882 10.2226752161824
-177.30754200708682 3.9189940045459033
-179.3686859576855 9.065422412694025
-181.42982990828412 6.865271427365993
-183.49097385888277 6.660926945692044
-185.5521178094814 20.8215426207394
-187.61326176008004 14.038268604720843
-189.67440571067868 11.54683010582733
-191.73554966127733 11.751183131126256
-193.79669361187598 14.213186885596206
-195.8578375624746 7.422762122667622
-197.91898151307325 12.284014122976666
-199.98012546367187 6.4740176274701655
-202.04126941427052 11.96676937153581
-204.10241336486914 10.811011422646724
-206.1635573154678 8.110782652149695
-208.22470126606643 2.83083408714224
-210.28584521666508 10.567501856246192
-212.3469891672637 5.190335367110837
-214.40813311786235 10.779072237043282
-216.469277068461 15.6684212030317
-218.53042101905965 4.1621966820350895
-220.59156496965826 11.477113244116605
-222.6527089202569 7.134693368653461
-224.71385287085553 5.418592490736608
-226.7749968214542 14.804258816906845
-228.83614077205283 11.070518251363216
-230.89728472265148 13.548256061913346
-232.9584286732501 13.269416432746134
-235.01957262384877 5.182547921035263
-237.08071657444742 9.22501540681579
-239.14186052504604 12.647674787240314
-241.2030044756447 8.136546952068809
-243.2641484262433 10.562840805135611
-245.325292376842 12.606940995848177
-247.3864363274406 14.273238259631512
-249.44758027803925 16.661178594267312
-251.50872422863787 12.076892456441783
-253.56986817923652 9.303655762418549
-255.63101212983517 14.142949928650832
-257.6921560804338 13.893784246571231
-259.75330003103244 8.861344752832931
