# BEGINHEADER
# This file contains data from the SALSA 2m radio telescope.
# DATE=2024-11-27T00:05:0013
# GLON and GLAT given in degrees
# GLON=149.83985211967993
# GLAT=-0.2353355224483538
# DATA in two columns below. Col. 1 is velocity relative to LSR [km/s]. Col. 2 is uncalibrated antenna temperature [K].
# ENDHEADER
265.8348254798854 7.391005048352003
263.77368152928676 14.511163400520694
261.7125375786881 13.51344142095605
259.65139362808947 14.987163812270534
257.5902496774909 13.329948088693433
255.52910572689223 12.587877440677266
253.46796177629355 12.099291696813573
251.40681782569493 13.298518754463878
249.34567387509628 14.780240585961716
247.28452992449766 13.657154459090576
245.22338597389898 13.783479267289385
243.16224202330037 13.385305883524408
241.10109807270172 13.182052458826831
239.0399541221031 13.25593570981564
236.97881017150445 12.9346951071888
234.9176662209058 13.087512269291045
232.85652227030715 11.579637480586324
230.79537831970853 11.753499486162093
228.73423436910988 11.450611890096033
226.67309041851124 12.24709717428409
224.6119464679126 13.06184612865775
222.55080251731394 13.548055502355673
220.48965856671532 13.73454344203679
218.42851461611667 13.517580749837354
216.36737066551802 12.911119288035067
214.30622671491938 11.775314145345405
212.24508276432076 10.450893365826762
210.1839388137221 12.136252879454643
208.1227948631235 13.172062477848069
206.0616509125248 10.824416790047712
204.0005069619262 12.65040709307083
201.93936301132754 12.908125410583
199.87821906072892 13.012327046943424
197.81707511013028 12.943822368414963
195.75593115953166 11.343775541824655
193.694787208933 13.429415857689335
191.6336432583344 12.805983200190203
189.5724993077357 14.68333222926454
187.51135535713706 12.998211245247816
185.45021140653844 11.592699489805817
183.3890674559398 12.400152646277018
181.32792350534118 13.587136071165432
179.2667795547425 13.27797313324178
177.20563560414388 12.898856469996607
175.14449165354523 13.11541761861446
173.0833477029466 12.38235597705931
171.02220375234796 13.938340598473847
168.96105980174931 14.321963590620133
166.89991585115067 12.870480230002768
164.83877190055205 10.443383427902173
162.7776279499534 14.219011505085746
160.71648399935475 13.119044705680018
158.6553400487561 13.938064632042275
156.59419609815748 12.164806292618461
154.53305214755883 10.546707437213492
152.47190819696021 13.127215056200036
150.41076424636154 12.473437663875794
148.3496202957629 12.849225578451357
146.28847634516427 11.61104752243453
144.22733239456562 12.323313881828765
142.166188443967 12.846435163643438
140.10504449336833 12.892145449177058
138.0439005427697 10.745564411592198
135.98275659217106 12.546116501560249
133.92161264157244 13.976379646992495
131.86046869097376 13.3916679233385
129.79932474037514 13.765085653377776
127.7381807897765 13.60285813117719
125.67703683917786 12.399711580826372
123.61589288857921 11.796975488642575
121.55474893798058 12.346372230631511
119.49360498738193 10.904675452261651
117.4324610367833 13.068060455744073
115.37131708618466 13.662985478699026
113.31017313558601 11.612404949765654
111.24902918498738 11.967974188536463
109.18788523438873 13.315488616516522
107.1267412837901 14.190319019934106
105.06559733319145 14.110831962644374
103.00445338259281 11.926656059465524
100.94330943199418 13.38416677320959
98.88216548139552 12.742831258389032
96.82102153079688 10.760781033787543
94.75987758019825 12.670906213440144
92.69873362959959 11.744499229744203
90.63758967900095 12.661335016080326
88.5764457284023 12.594795523169179
86.51530177780367 13.233128095793713
84.45415782720502 11.945012347851124
82.39301387660639 11.970748718806071
80.33186992600776 11.766766785136655
78.2707259754091 12.393729657423327
76.20958202481047 11.521292037219535
74.14843807421182 11.486372623743213
72.08729412361319 12.240721630427322
70.02615017301454 12.751456888671727
67.96500622241591 11.759389887634747
65.90386227181727 10.472452534906738
63.84271832121862 11.536909103845304
61.781574370619985 13.725899179198917
59.720430420021344 11.854341540372515
57.6592864694227 13.3625279254593
55.59814251882406 13.363617039623062
53.53699856822542 13.472936683528276
51.47585461762678 12.363471822031299
49.414710667028146 11.275190929968156
47.353566716429505 12.182488803998014
45.29242276583086 11.195127305931278
43.23127881523222 11.035468703544078
41.17013486463358 12.150051626865476
39.10899091403494 13.49953663157003
37.0478469634363 11.316771512900477
34.98670301283766 12.896545680790084
32.92555906223902 11.423780718238916
30.864415111640376 12.852614486985203
28.803271161041735 11.726948387207814
26.742127210443098 11.757957286059575
24.680983259844457 13.544229227656448
22.619839309245815 14.716831914937352
20.558695358647174 15.234008738456682
18.497551408048533 14.547631307164707
16.436407457449892 15.291095106029568
14.375263506851253 15.87079211894642
12.31411955625261 17.347333797641898
10.252975605653969 17.547531590798638
8.191831655055328 22.886417751500954
6.1306877044566885 33.42809994215613
4.0695437538580475 49.241866950524134
2.008399803259407 57.120838690230805
-0.05274414733923418 69.24153667085443
-2.113888097937875 74.94523756639944
-4.175032048536516 81.96180431867558
-6.236175999135157 88.05752044744665
-8.297319949733797 86.06647216562347
-10.35846390033244 85.16922278664626
-12.419607850931078 75.81582050477856
-14.480751801529719 73.63305317073767
-16.541895752128358 66.29863875709653
-18.603039702727003 61.61528435008194
-20.66418365332564 61.121716521054886
-22.72532760392428 59.33232806049622
-24.786471554522922 62.34852339942092
-26.847615505121563 71.53098895074172
-28.908759455720205 79.9764208430307
-30.969903406318846 90.51633214129875
-33.03104735691749 100.62611456244295
-35.09219130751613 94.58221677519985
-37.15333525811477 93.47499313696916
-39.214479208713406 97.48071864986791
-41.27562315931205 87.09334528380427
-43.33676710991069 78.4274857093666
-45.39791106050933 70.43096737494584
-47.45905501110797 66.53011688779686
-49.52019896170661 60.721886501940475
-51.58134291230526 59.542110951989365
-53.6424868629039 57.652107656468466
-55.70363081350254 52.276427687226935
-57.76477476410118 45.0092414878676
-59.825918714699824 38.16230843713003
-61.887062665298465 31.297227557921143
-63.9482066158971 26.637491297644146
-66.00935056649575 23.99620491390062
-68.07049451709439 23.753209149772385
-70.13163846769302 19.54046557901027
-72.19278241829167 18.74706885924829
-74.2539263688903 20.865576752287623
-76.31507031948895 17.490595440112436
-78.37621427008759 16.08190155071398
-80.43735822068624 16.890492907481608
-82.49850217128487 15.35521348057187
-84.5596461218835 13.399989646241838
-86.62079007248215 13.221729195290498
-88.68193402308079 12.722499177474171
-90.74307797367943 13.025380126607434
-92.80422192427807 12.746191916464063
-94.86536587487672 12.932666587232992
-96.92650982547535 12.943031699020462
-98.98765377607398 11.463423733599866
-101.04879772667263 10.408086051339636
-103.10994167727128 13.336343714204597
-105.17108562786991 11.999079425147134
-107.23222957846855 11.0980161860386
-109.2933735290672 11.92390388713066
-111.35451747966583 9.992774662543065
-113.41566143026448 13.01718754264097
-115.47680538086311 11.597538019295492
-117.53794933146175 11.903549159205038
-119.5990932820604 10.08172204888155
-121.66023723265903 10.123672421743038
-123.72138118325768 9.5395935793956
-125.78252513385631 9.477563057062415
-127.84366908445496 11.895786786193602
-129.9048130350536 11.369216705634614
-131.96595698565224 11.28701125129502
-134.0271009362509 11.906660552621293
-136.0882448868495 10.628038046811469
-138.14938883744816 11.347611946376901
-140.2105327880468 12.29745393747547
-142.27167673864545 12.616678530421703
-144.33282068924407 13.373870799242923
-146.39396463984272 10.398920579776473
-148.45510859044134 9.950669723620836
-150.51625254104002 11.235165951414999
-152.57739649163864 10.15290033741223
-154.63854044223729 12.486885338798952
-156.6996843928359 11.587562265922166
-158.76082834343455 10.839827040141987
-160.82197229403323 11.219008115783184
-162.88311624463185 8.249151818029867
-164.9442601952305 10.872675153024407
-167.00540414582912 11.99354577811498
-169.0665480964278 12.012532920498026
-171.12769204702641 10.953910190281016
-173.18883599762506 12.220897891305862
-175.24997994822368 11.725719151306233
-177.31112389882233 11.02681942543218
-179.37226784942098 11.897205727144254
-181.43341180001963 11.25252952724157
-183.49455575061825 11.10210007920608
-185.5556997012169 11.332509710562341
-187.61684365181551 13.425516888048017
-189.6779876024142 11.741100453925455
-191.7391315530128 11.129011291851281
-193.80027550361146 11.013372549312678
-195.86141945421008 12.734805987848809
-197.92256340480876 13.071653647512568
-199.98370735540743 12.045650707116653
-202.04485130600605 12.983936603181775
-204.1059952566047 11.697177547928556
-206.16713920720332 13.000766826890912
-208.22828315780197 12.256110071727678
-210.28942710840062 12.943515582070486
-212.35057105899926 13.807199316810625
-214.41171500959788 13.261630189317946
-216.47285896019653 13.940099463310625
-218.53400291079515 13.715578596230086
-220.59514686139383 11.771122965232813
-222.65629081199245 12.029199500208904
-224.7174347625911 14.097572347061476
-226.77857871318972 12.72051193918883
-228.83972266378836 13.470845875876645
-230.900866614387 12.288057204865654
-232.96201056498566 11.835254402642207
-235.0231545155843 12.104547492204215
-237.08429846618293 13.992676695099611
-239.1454424167816 12.564318166916172
-241.20658636738023 12.815448811557584
-243.26773031797887 13.565409568434267
-245.3288742685775 12.956904038527979
-247.39001821917614 14.215636068876746
-249.4511621697748 13.027189219079155
-251.51230612037344 12.449166060771853
-253.57345007097206 15.035037561097411
-255.6345940215707 15.28135802058782
-257.69573797216935 11.730203397429323
-259.756881922768 14.332338617339296
