# BEGINHEADER
# This file contains data from the SALSA 2m radio telescope.
# DATE=2024-11-26T23:32:0036
# GLON and GLAT given in degrees
# GLON=159.8160265101925
# GLAT=-0.26682198429547027
# DATA in two columns below. Col. 1 is velocity relative to LSR [km/s]. Col. 2 is uncalibrated antenna temperature [K].
# ENDHEADER
265.83945559249355 6.941140564141103
263.7783116418949 16.58198609431619
261.71716769129625 13.700263477911596
259.6560237406976 15.386221620115487
257.594879790099 14.90336894435686
255.53373583950034 13.875260809332058
253.4725918889017 13.49959244995124
251.41144793830307 14.687658470209715
249.35030398770442 13.09278522740494
247.2891600371058 17.054447437969174
245.22801608650713 20.364710730894462
243.1668721359085 14.211830679281206
241.10572818530986 15.619329405459366
239.04458423471124 13.457283324465955
236.98344028411256 14.66516618982726
234.9222963335139 15.202074253169522
232.8611523829153 14.126580199699738
230.80000843231664 14.698947446443972
228.73886448171802 12.889230587049399
226.67772053111935 15.002748182403172
224.61657658052073 14.521670422688016
222.55543262992208 13.820723307550631
220.49428867932346 14.844581278732775
218.4331447287248 16.278862589329748
216.37200077812616 14.950265276132447
214.31085682752752 14.862663710572923
212.2497128769289 14.349080794056562
210.18856892633025 15.168518169158357
208.12742497573163 15.390310546136261
206.06628102513295 14.72276118653703
204.00513707453433 15.496057767911465
201.94399312393568 16.655673003336826
199.88284917333706 16.796461511875336
197.82170522273842 15.626139752799661
195.76056127213977 16.412010644682884
193.69941732154115 14.886611553126588
191.6382733709425 14.78477035376188
189.57712942034385 16.147576606288784
187.5159854697452 16.40201936724087
185.45484151914658 14.883781485274177
183.39369756854794 13.949765977201551
181.3325536179493 14.558803747385637
179.27140966735064 15.43766150161669
177.21026571675202 14.18623713254713
175.14912176615337 15.376099790749384
173.08797781555475 14.644261112133423
171.02683386495607 13.357295534558048
168.96568991435745 16.299524274245574
166.9045459637588 15.785104591869814
164.8434020131602 13.269114277380575
162.78225806256154 15.479013821991765
160.7211141119629 16.620161285969647
158.65997016136424 15.003451415263912
156.5988262107656 15.749345011419486
154.53768226016697 15.506902986033428
152.47653830956833 14.95617880625181
150.41539435896968 15.628828738611656
148.35425040837103 15.834406383699186
146.2931064577724 13.36223940580947
144.23196250717376 16.205801910619094
142.1708185565751 14.095238721679422
140.10967460597647 15.004992310309907
138.04853065537785 13.62102188206048
135.9873867047792 14.955747437113608
133.92624275418058 14.518965385983723
131.8650988035819 14.206469443308727
129.80395485298328 13.865824901856723
127.74281090238463 13.629217970561202
125.681666951786 13.41830952363635
123.62052300118735 14.677534473282801
121.55937905058872 14.222794249999671
119.49823509999007 13.722900773225236
117.43709114939143 14.955180793083537
115.37594719879279 13.270539049032736
113.31480324819415 15.22493996032873
111.25365929759552 15.275214595190894
109.19251534699687 15.675928571406748
107.13137139639824 14.739872240005662
105.07022744579959 12.947908392638883
103.00908349520095 15.721995219238103
100.9479395446023 14.584634498345803
98.88679559400364 14.413974671757673
96.82565164340501 14.410515650001328
94.76450769280636 13.645776111960414
92.70336374220773 13.56421338771535
90.6422197916091 13.975833669750946
88.58107584101045 14.693753497353775
86.51993189041181 14.909393286303303
84.45878793981316 13.844311567095978
82.39764398921453 12.703695147341069
80.33650003861588 14.521553137794236
78.27535608801725 13.967998069363516
76.21421213741861 14.212387394601256
74.15306818681997 13.592454313558175
72.09192423622133 12.543809414947216
70.03078028562268 12.661443995675224
67.96963633502405 12.351953423910151
65.9084923844254 14.128515900617542
63.84734843382676 15.183454670211729
61.78620448322812 14.591726188447785
59.72506053262948 12.864051963501044
57.663916582030836 13.231472399227009
55.6027726314322 13.661792810339366
53.54162868083356 14.318597362206786
51.48048473023491 13.568693120170654
49.41934077963627 12.151139019204205
47.35819682903763 13.975434747090338
45.29705287843899 14.941843773619318
43.23590892784035 13.674483781177354
41.174764977241715 14.026955054622013
39.113621026643074 11.644891709803273
37.05247707604443 12.9886292049408
34.99133312544579 13.824899393828243
32.93018917484714 14.799852235034288
30.86904522424851 13.794242683050067
28.80790127364987 13.83450801022107
26.746757323051224 14.348845139236506
24.685613372452586 14.691738178625993
22.624469421853945 15.49793932747549
20.563325471255304 15.409806276506226
18.502181520656663 18.109254588100345
16.441037570058022 19.459025062552453
14.37989361945938 18.45736787070691
12.318749668860743 23.552858712950467
10.2576057182621 28.496895807008677
8.196461767663461 36.57199595003721
6.135317817064819 54.11993269239829
4.074173866466178 62.07190982447851
2.0130299158675373 61.170105491803064
-0.048114034731103324 72.0064959345159
-2.1092579853297444 78.53954550890363
-4.170401935928385 84.9985073708732
-6.231545886527025 88.19997289121265
-8.292689837125668 86.52374739305459
-10.353833787724307 82.45201625026077
-12.414977738322948 84.55891715654123
-14.47612168892159 90.26501121274778
-16.53726563952023 94.06999895213875
-18.59840959011887 94.76999264632099
-20.659553540717514 91.54366737821378
-22.720697491316155 90.23748400753844
-24.781841441914793 87.5953672240424
-26.842985392513434 89.30612833031826
-28.904129343112075 88.13047036859966
-30.965273293710716 81.85296192227166
-33.02641724430936 79.20393477923204
-35.087561194908 70.63159029343208
-37.14870514550664 64.98666716676803
-39.20984909610528 56.65488590690314
-41.270993046703914 50.99150486872692
-43.332136997302555 45.623232803128786
-45.393280947901204 40.048599923299825
-47.454424898499845 34.0022664759675
-49.515568849098486 31.365536259701724
-51.57671279969713 26.873709237082558
-53.63785675029577 25.93928982472728
-55.6990007008944 24.25745061962865
-57.76014465149304 22.10541727613241
-59.821288602091684 21.83181344404658
-61.882432552690325 20.922002293767353
-63.94357650328897 17.951488918470975
-66.00472045388761 17.86303501516596
-68.06586440448625 16.819661252956504
-70.1270083550849 14.503820249900315
-72.18815230568353 13.969873711057078
-74.24929625628218 15.61774195111636
-76.31044020688081 15.583550906872565
-78.37158415747945 14.300441312452586
-80.4327281080781 16.80204341107225
-82.49387205867673 13.441006084835038
-84.55501600927538 15.202514071778635
-86.61615995987401 12.258525352162483
-88.67730391047266 13.018989587898602
-90.7384478610713 16.62017191725043
-92.79959181166993 13.041638960293069
-94.86073576226859 13.732179679329722
-96.92187971286722 14.474226440467646
-98.98302366346587 12.695298391422773
-101.04416761406449 12.901967818187499
-103.10531156466314 12.252982679145212
-105.16645551526177 13.649821206017934
-107.22759946586042 12.763792348429952
-109.28874341645906 12.770370587853566
-111.34988736705769 11.988484561889772
-113.41103131765634 12.493606834290354
-115.47217526825497 13.314637592562173
-117.53331921885362 12.74946589766609
-119.59446316945225 12.7219628023293
-121.6556071200509 13.252159774515805
-123.71675107064954 12.265210201297245
-125.77789502124817 12.084188453541032
-127.83903897184682 13.199830322327152
-129.90018292244545 11.280104356926174
-131.9613268730441 13.357180056136293
-134.02247082364275 12.865562979436266
-136.08361477424137 13.956969595708022
-138.14475872484002 13.589029376747067
-140.20590267543867 13.376962478118308
-142.2670466260373 12.313198077355846
-144.32819057663593 14.44080512187205
-146.38933452723458 12.764211003207034
-148.45047847783323 12.331224040623466
-150.51162242843188 16.19730629114541
-152.57276637903053 12.570376069053228
-154.63391032962915 12.135575487836887
-156.6950542802278 12.908540281902702
-158.75619823082644 12.905130718593862
-160.8173421814251 12.4168155928398
-162.8784861320237 13.898135988865565
-164.93963008262236 12.859202224484129
-167.00077403322098 14.33871417165146
-169.06191798381965 14.21128053507982
-171.12306193441827 12.923049071385494
-173.18420588501692 11.884346164950946
-175.24534983561554 12.118031923683501
-177.30649378621422 13.361840427137695
-179.36763773681284 13.381588334819122
-181.4287816874115 13.573573683259822
-183.4899256380101 13.872189872794475
-185.55106958860875 12.854162762178415
-187.6122135392074 11.889464303267008
-189.67335748980605 13.515667090323946
-191.7345014404047 13.816047025308512
-193.79564539100332 14.357240672628448
-195.85678934160197 13.044279402450725
-197.91793329220062 14.105212704036264
-199.9790772427993 13.573965794960651
-202.0402211933979 14.113153855719599
-204.10136514399656 11.293972448616236
-206.16250909459518 14.402314667684088
-208.22365304519383 12.647249202258827
-210.28479699579248 14.774622072520257
-212.34594094639112 14.47814108571869
-214.40708489698974 14.088919692836527
-216.4682288475884 14.332842999685651
-218.52937279818704 12.899451604629041
-220.5905167487857 13.315453274306188
-222.6516606993843 15.328338872041725
-224.71280464998296 14.451694864276226
-226.77394860058158 14.096174807251396
-228.83509255118025 15.980645545104265
-230.8962365017789 15.325187690793868
-232.95738045237752 14.442224356455256
-235.01852440297617 13.834763180939957
-237.0796683535748 15.07551830718549
-239.14081230417347 13.424556019631725
-241.20195625477209 15.893515835699647
-243.26310020537073 14.919895611537532
-245.32424415596935 15.245359196839999
-247.38538810656803 15.562285132142723
-249.44653205716665 14.008352199556162
-251.5076760077653 14.167766485397607
-253.56881995836392 15.87911741722715
-255.62996390896257 15.188457822592682
-257.6911078595612 16.555005746411542
-259.75225181015986 16.706772173672555
