# BEGINHEADER
# This file contains data from the SALSA 2m radio telescope.
# DATE=2024-11-26T23:23:0053
# GLON and GLAT given in degrees
# GLON=119.8429050601569
# GLAT=-0.14339124458283817
# DATA in two columns below. Col. 1 is velocity relative to LSR [km/s]. Col. 2 is uncalibrated antenna temperature [K].
# ENDHEADER
265.6977922072876 6.774004736098296
263.6366482566889 12.645975846430495
261.5755043060903 10.56037131924018
259.5143603554916 12.227387311737928
257.453216404893 12.441224239726521
255.39207245429435 10.622597137297541
253.3309285036957 9.921095802402357
251.26978455309708 11.225564759749618
249.2086406024984 11.432576442014014
247.1474966518998 12.193656546617591
245.08635270130114 14.696912183900006
243.02520875070252 11.015858056106001
240.96406480010387 10.445738949955837
238.9029208495052 10.897544354124658
236.84177689890657 13.006993974394668
234.78063294830793 10.44355307114251
232.7194889977093 10.205821521920521
230.65834504711063 13.364631823223284
228.597201096512 12.552165579055323
226.53605714591336 10.617621646025736
224.47491319531474 11.076249040499514
222.4137692447161 12.547733912263434
220.35262529411744 9.809120867376375
218.2914813435188 14.646611118687126
216.23033739292018 13.173134513239257
214.16919344232153 9.657054211940318
212.1080494917229 11.503722050106804
210.04690554112423 10.87091538614141
207.9857615905256 10.367902445361388
205.92461763992696 11.184698274921825
203.86347368932834 9.287323550486207
201.80232973872967 9.808070303274413
199.74118578813102 11.399118927878591
197.68004183753237 10.464725032340104
195.61889788693372 10.593671397253441
193.5577539363351 11.682343918588382
191.49660998573646 11.622920839415402
189.4354660351378 9.620142126934446
187.37432208453916 10.116826777819803
185.31317813394054 11.7133212352279
183.2520341833419 11.750340738811891
181.19089023274327 11.380149441527555
179.1297462821446 10.386751556538508
177.06860233154597 11.901110793274523
175.00745838094733 10.922321543977585
172.9463144303487 12.135733951631162
170.88517047975006 10.443096427804514
168.8240265291514 8.757471878200874
166.76288257855276 11.183205318810883
164.70173862795411 10.47252676289133
162.6405946773555 11.966161600276799
160.57945072675682 12.550846634316947
158.5183067761582 10.240344786522865
156.45716282555955 11.403107567674526
154.39601887496093 12.53729644493227
152.33487492436228 10.774258079447803
150.27373097376363 12.24503335521532
148.21258702316499 10.806499085883454
146.15144307256637 10.750418303547388
144.09029912196772 11.461395520803826
142.0291551713691 12.251429781905644
139.96801122077042 11.645249213396607
137.9068672701718 10.658080053606911
135.84572331957315 10.902804550636853
133.78457936897453 10.602250034055325
131.72343541837586 10.49322308088211
129.66229146777724 10.426772815085986
127.60114751717859 12.164192324730065
125.54000356657995 11.890024482979712
123.4788596159813 11.345001299903055
121.41771566538267 12.23287859173456
119.35657171478402 11.460321318067665
117.29542776418539 10.901172454591322
115.23428381358676 10.28535652916821
113.17313986298811 10.856994338792573
111.11199591238947 11.399288817266083
109.05085196179081 10.85957913708142
106.98970801119218 9.896126666066865
104.92856406059353 10.787718914799608
102.8674201099949 10.629286181131802
100.80627615939626 10.724073390243232
98.74513220879763 10.764645968355733
96.683988258199 11.63015181434793
94.62284430760035 11.195454400869966
92.56170035700171 11.949675007413713
90.50055640640306 11.473939284882533
88.43941245580443 9.156570115427218
86.37826850520578 10.189224287982427
84.31712455460715 10.484154827979426
82.25598060400851 11.265098697090073
80.19483665340987 11.540090015804132
78.13369270281123 11.052798291036732
76.07254875221258 11.56721081243831
74.01140480161395 10.900865706371185
71.9502608510153 10.188187095142125
69.88911690041667 8.473493032123455
67.82797294981802 11.062488320435754
65.76682899921937 11.75000421026287
63.70568504862074 9.039411893992
61.6445410980221 9.915819212023347
59.583397147423454 10.747960910190997
57.52225319682481 10.414368347904464
55.46110924622617 8.03967784853807
53.39996529562753 10.358198634420466
51.33882134502889 10.532041825939249
49.27767739443025 10.815003238386858
47.21653344383161 10.838157295615893
45.15538949323297 10.014151529925707
43.094245542634326 11.345387443346254
41.033101592035685 10.780380735398222
38.97195764143704 10.843698332961372
36.9108136908384 10.59412273084053
34.84966974023976 11.239700734238397
32.78852578964112 10.982797750725908
30.72738183904248 11.187683268421656
28.66623788844384 10.297831121841432
26.6050939378452 11.123430466511904
24.543949987246556 11.173823439919143
22.482806036647915 9.619586203941472
20.421662086049277 10.576823994385904
18.360518135450636 12.690145135188892
16.29937418485199 15.520006625984124
14.238230234253354 13.379810449938102
12.177086283654713 15.75366834859357
10.115942333056074 18.09586538655852
8.054798382457433 21.707403485646786
5.993654431858792 29.674643990440615
3.9325104812601506 49.01516276640295
1.8713665306615095 62.216094096307046
-0.1897774199371313 73.8664568633816
-2.2509213705357722 73.16697256552617
-4.312065321134413 77.31013868565168
-6.373209271733053 76.96638539605766
-8.434353222331694 78.22752791509468
-10.495497172930335 80.52943404818645
-12.556641123528976 77.63327633790426
-14.617785074127617 75.05363296503167
-16.67892902472626 67.4616042305912
-18.7400729753249 56.326701250229284
-20.801216925923537 49.03728253012687
-22.86236087652218 40.99999122180419
-24.923504827120823 33.25843299558932
-26.984648777719464 32.37946314636117
-29.0457927283181 38.446284151730524
-31.106936678916743 40.369971140701196
-33.16808062951538 44.012647026189946
-35.22922458011402 48.81324776235714
-37.29036853071267 51.42018765671221
-39.35151248131131 57.770213135651275
-41.41265643190995 58.83639725826803
-43.47380038250859 61.295006291585445
-45.53494433310723 64.5888760108414
-47.59608828370587 65.74531162724406
-49.6572322343045 70.65823015922282
-51.71837618490314 74.5143552048182
-53.779520135501784 74.37574855440964
-55.840664086100425 77.0731076113216
-57.90180803669907 76.22569190600487
-59.962951987297714 75.40959812689134
-62.024095937896355 73.98822107114758
-64.08523988849498 69.01221326963345
-66.14638383909363 64.22480925983395
-68.20752778969228 57.84372235218713
-70.26867174029091 50.57809794283436
-72.32981569088955 44.675159029527826
-74.3909596414882 36.523302359735524
-76.45210359208683 30.713800909140183
-78.51324754268548 28.26840215026457
-80.57439149328411 25.23411391780201
-82.63553544388276 25.29404312951593
-84.6966793944814 25.086879434434003
-86.75782334508004 25.06230033263398
-88.81896729567869 27.499360500866445
-90.88011124627732 28.81266526558909
-92.94125519687597 27.456842035144458
-95.0023991474746 27.27732041104657
-97.06354309807324 28.482969601579967
-99.1246870486719 27.626700709634903
-101.18583099927054 26.560201939452767
-103.24697494986918 27.457199371590846
-105.30811890046782 26.270609854351505
-107.36926285106645 23.523305746334625
-109.4304068016651 22.059264263966995
-111.49155075226373 18.189265163332337
-113.55269470286238 15.108280738178514
-115.61383865346102 14.889053460301618
-117.67498260405965 13.552413153490958
-119.7361265546583 12.006364571635947
-121.79727050525693 12.891165238654969
-123.8584144558556 11.42279318511525
-125.91955840645423 11.763639043413837
-127.98070235705288 10.3181849933279
-130.0418463076515 11.210547515266331
-132.10299025825014 11.150653102843751
-134.1641342088488 9.287118375063738
-136.2252781594474 9.637948486117951
-138.28642211004606 10.334702087431792
-140.3475660606447 11.712529908749007
-142.40871001124336 8.34606284335789
-144.469853961842 12.005451926877848
-146.53099791244063 10.283963228660763
-148.59214186303927 8.890207553323703
-150.65328581363792 11.164405927502749
-152.71442976423657 10.883247699947397
-154.7755737148352 10.181174062616096
-156.83671766543384 8.707050938206736
-158.8978616160325 9.656437937856843
-160.95900556663113 8.761702754208322
-163.02014951722975 9.125700588129899
-165.0812934678284 8.409897585908773
-167.14243741842702 11.177720927310002
-169.2035813690257 8.478566618043585
-171.26472531962432 10.581819488484355
-173.32586927022297 10.485385465403766
-175.3870132208216 10.25355551813225
-177.44815717142023 11.63402631774963
-179.50930112201888 10.609420765274642
-181.57044507261753 10.849647626001497
-183.63158902321618 11.813811632810623
-185.6927329738148 11.07736085254552
-187.75387692441345 11.486367108951782
-189.8150208750121 10.109984274203022
-191.87616482561074 10.325494188698656
-193.93730877620936 11.770773005946046
-195.998452726808 10.551455682653655
-198.05959667740666 11.068123791023954
-200.12074062800528 11.937372894310332
-202.1818845786039 12.186462867387469
-204.24302852920255 10.699146029967872
-206.3041724798012 11.303254372114338
-208.36531643039984 11.039722054726221
-210.42646038099846 10.128240214992982
-212.4876043315971 12.398399280257788
-214.54874828219573 11.558178241188145
-216.6098922327944 10.628623600693633
-218.67103618339303 11.587623768758263
-220.73218013399168 11.691600466172638
-222.79332408459032 11.207387168178842
-224.85446803518897 12.67970207846318
-226.91561198578762 10.828318412626226
-228.97675593638624 11.363525382357063
-231.0378998869849 10.03195726985377
-233.0990438375835 11.401246062079752
-235.16018778818218 11.341604464737081
-237.2213317387808 10.103659633598145
-239.28247568937945 10.65566026312924
-241.34361963997807 11.712557088546053
-243.40476359057672 11.682228589983437
-245.46590754117537 10.518361324718429
-247.52705149177402 11.227977710795487
-249.58819544237264 10.689425153240338
-251.64933939297129 11.155844984647866
-253.71048334356993 13.27835879268984
-255.77162729416858 10.292515135747358
-257.83277124476723 10.012076205225274
-259.8939151953658 11.872445632424062
