# BEGINHEADER
# This file contains data from the SALSA 2m radio telescope.
# DATE=2024-11-26T23:17:0057
# GLON and GLAT given in degrees
# GLON=99.80558604404054
# GLAT=0.0012215975647509587
# DATA in two columns below. Col. 1 is velocity relative to LSR [km/s]. Col. 2 is uncalibrated antenna temperature [K].
# ENDHEADER
265.5283130110739 4.4390133647144205
263.46716906047527 17.115322830642295
261.4060251098766 15.49304065897158
259.344881159278 2.335073943184381
257.2837372086793 11.243602822819398
255.2225932580807 9.98589946828843
253.1614493074821 6.123509058864836
251.10030535688344 10.133287990195354
249.0391614062848 11.062440585005213
246.97801745568614 10.349207803281798
244.91687350508752 11.741801191285045
242.85572955448887 13.774122369066589
240.79458560389023 16.27816199023383
238.73344165329158 7.464480021099447
236.67229770269296 13.303144300202081
234.6111537520943 2.446715633101967
232.5500098014957 23.781196585940666
230.488865850897 9.786012999072378
228.4277219002984 3.140721901072858
226.36657794969975 10.543634161373637
224.30543399910113 16.60682771581291
222.24429004850248 12.129929115551935
220.1831460979038 13.987604103157596
218.12200214730518 14.832865458977233
216.06085819670653 15.474953861389103
213.9997142461079 15.465520896656775
211.93857029550924 9.657824061768887
209.87742634491062 11.603168391274092
207.81628239431197 10.062156835503215
205.75513844371335 12.41678467639378
203.6939944931147 6.742015542387335
201.63285054251605 0.985507235319995
199.5717065919174 14.891259286211723
197.51056264131878 12.73052317389031
195.44941869072014 9.57290973793942
193.38827474012152 17.98665210882288
191.32713078952284 12.82901156560945
189.26598683892422 11.742283414450691
187.20484288832557 11.233316562934094
185.14369893772695 8.02703402347959
183.0825549871283 9.4826693845829
181.02141103652963 16.56085116248223
178.960267085931 14.059701844696411
176.89912313533236 4.825652383823253
174.83797918473374 6.604985652422683
172.77683523413506 7.619098645183349
170.71569128353644 5.1770144259302375
168.6545473329378 7.041625975290086
166.59340338233918 8.600283779245043
164.53225943174053 3.203594538244308
162.47111548114188 2.2117933203764784
160.40997153054323 12.729962556845349
158.3488275799446 13.257684931008596
156.28768362934596 17.852299963160593
154.22653967874734 15.48055273157254
152.16539572814867 9.547831612443813
150.10425177755005 17.23104765414049
148.0431078269514 13.085952606355795
145.98196387635275 10.85391131256247
143.9208199257541 13.434362491648935
141.85967597515545 14.806967836482363
139.79853202455683 10.843341562685337
137.7373880739582 6.786892007981415
135.67624412335957 16.10102980179481
133.6151001727609 16.98337022611278
131.55395622216227 15.208206327105234
129.49281227156362 3.269323223697866
127.431668320965 8.678485994694874
125.37052437036634 12.60575342355334
123.3093804197677 10.559349099040253
121.24823646916906 14.074941893683341
119.18709251857042 14.752234485739896
117.12594856797178 16.786469297988468
115.06480461737314 13.496554284896355
113.00366066677451 14.707195917501274
110.94251671617586 8.465879637135057
108.88137276557723 10.380521047079078
106.82022881497858 11.94311915912648
104.75908486437994 11.744516381988072
102.6979409137813 15.758049214242593
100.63679696318266 3.647466877567656
98.57565301258403 7.923591357812132
96.51450906198538 16.272168538382985
94.45336511138674 14.826837125997201
92.3922211607881 6.279235873135122
90.33107721018946 6.545468330454355
88.2699332595908 4.114094198451888
86.20878930899217 9.525065813709832
84.14764535839353 11.669172982184056
82.08650140779488 10.342713608388198
80.02535745719625 17.437387810058034
77.9642135065976 10.09300032235002
75.90306955599897 14.266384951912329
73.84192560540032 17.704337236058755
71.78078165480169 9.87862941235103
69.71963770420305 12.761957664990984
67.6584937536044 6.953993101268017
65.59734980300577 6.6624056872320665
63.53620585240713 7.8479176668651105
61.47506190180849 8.83632327912585
59.41391795120984 7.995693405376198
57.3527740006112 10.091806360589137
55.29163005001256 11.133180299688089
53.230486099413916 7.234343466537965
51.16934214881528 8.874258408217695
49.10819819821665 17.23214599531165
47.04705424761801 7.8404387362217465
44.985910297019366 6.472679611671816
42.924766346420725 7.931844331893543
40.863622395822084 6.568547651248526
38.802478445223436 14.902001471263688
36.741334494624795 12.195113036613291
34.68019054402616 10.666669709916174
32.61904659342752 4.693007205647187
30.55790264282888 9.238720026642701
28.496758692230237 16.077624556493827
26.435614741631596 11.70497227386362
24.374470791032955 10.672101095955194
22.313326840434314 10.192936997492637
20.252182889835673 9.600604396283053
18.191038939237036 11.435269229659697
16.129894988638394 10.206239533001906
14.068751038039752 19.448487235222203
12.00760708744111 18.388312998220066
9.94646313684247 24.72101900111764
7.885319186243829 34.54599037638693
5.824175235645187 41.07704241087132
3.7630312850465466 63.75120056243011
1.701887334447906 74.06493872615758
-0.3592566161507347 80.78909190815268
-2.4204005667493753 92.64542280539663
-4.481544517348016 82.45375279065887
-6.542688467946657 71.32521193336675
-8.603832418545297 76.09030413138285
-10.664976369143938 65.97589640516432
-12.726120319742579 64.0904388655924
-14.787264270341218 62.084964503677234
-16.84840822093986 58.16030327248289
-18.9095521715385 58.95466860763196
-20.97069612213714 64.43849438654237
-23.031840072735786 59.41012114657866
-25.092984023334424 49.443655046749655
-27.154127973933065 46.795779433030106
-29.215271924531706 45.05670012713462
-31.276415875130343 44.645288862305
-33.33755982572899 39.73105865429695
-35.39870377632762 43.7805831845641
-37.45984772692626 47.10936985602935
-39.52099167752491 48.125778614864466
-41.58213562812355 44.666455154932336
-43.64327957872219 52.90382963304466
-45.704423529320835 41.43509004454422
-47.76556747991947 52.51953875885994
-49.82671143051812 57.47599715785668
-51.88785538111676 72.42322102989276
-53.9489993317154 65.62812357490239
-56.01014328231404 62.81772387099229
-58.07128723291268 68.53420978701509
-60.13243118351132 59.55189120585226
-62.19357513410996 60.38747275590423
-64.2547190847086 56.698174888659736
-66.31586303530723 54.42026489072703
-68.3770069859059 52.81439051052658
-70.43815093650453 44.41171165306217
-72.49929488710318 44.5715942734185
-74.56043883770181 35.65376239304244
-76.62158278830046 35.39043969403897
-78.68272673889909 32.392300761622714
-80.74387068949773 24.643532190054064
-82.80501464009637 34.877116581060676
-84.86615859069501 23.55478386195924
-86.92730254129366 27.410389812236918
-88.98844649189229 25.655134778084694
-91.04959044249094 30.623182694973547
-93.11073439308957 34.489933281880745
-95.1718783436882 36.29545407566946
-97.23302229428685 28.14549515174332
-99.29416624488549 27.141716723479146
-101.35531019548414 28.787616131783594
-103.41645414608277 25.705460021270667
-105.47759809668143 28.04320013987974
-107.53874204728007 32.5509958213514
-109.5998859978787 23.16546546599853
-111.66102994847735 11.900723814790886
-113.72217389907598 19.42776901522274
-115.78331784967463 18.265193063595635
-117.84446180027327 18.080412660121645
-119.90560575087191 17.573761859274324
-121.96674970147055 10.21382338880653
-124.02789365206918 11.091391152738005
-126.08903760266783 13.743254415327964
-128.15018155326646 5.477588066982477
-130.2113255038651 13.284847229147806
-132.27246945446376 10.349381948729906
-134.33361340506238 11.137949980317357
-136.39475735566103 7.114796152752904
-138.45590130625968 5.407796736692483
-140.51704525685832 7.01750374212188
-142.57818920745694 10.496268304564055
-144.6393331580556 4.359700757046059
-146.70047710865424 6.311037509797814
-148.7616210592529 6.364742882166381
-150.8227650098515 10.482150841144257
-152.88390896045016 6.976541847811173
-154.94505291104878 6.137254641230719
-157.00619686164745 16.194695233229968
-159.06734081224607 5.011509134191986
-161.12848476284472 5.647330728716949
-163.18962871344334 1.315662193546943
-165.250772664042 10.990427240601553
-167.31191661464067 10.422515073427421
-169.37306056523929 15.626973395030733
-171.43420451583793 7.234613899380219
-173.49534846643655 9.978837418637156
-175.5564924170352 12.987051484950225
-177.61763636763385 8.485334627503969
-179.6787803182325 5.957968940111018
-181.73992426883112 13.032344834161997
-183.80106821942977 8.516906453477782
-185.8622121700284 10.121482056009134
-187.92335612062706 7.808635555380784
-189.98450007122568 10.629020144589248
-192.04564402182433 11.202442523468862
-194.10678797242295 12.762883170936396
-196.16793192302163 14.401573003122175
-198.22907587362025 5.649532454638846
-200.2902198242189 9.301011214945976
-202.35136377481754 7.475993841086672
-204.41250772541616 10.00754218722693
-206.47365167601484 12.007101795447994
-208.53479562661346 9.444999361879756
-210.5959395772121 11.849516827780821
-212.65708352781073 8.524199204040265
-214.7182274784094 2.9171944204419464
-216.77937142900802 14.612346775331437
-218.84051537960667 14.036991854333673
-220.9016593302053 9.349794390183877
-222.96280328080394 11.514908386161702
-225.0239472314026 12.663729618944025
-227.08509118200124 9.31482082668423
-229.14623513259986 14.674003805534104
-231.2073790831985 14.750540547323702
-233.26852303379712 8.058429796875636
-235.3296669843958 12.590901983441102
-237.39081093499442 9.17049173912448
-239.45195488559307 8.589582699060127
-241.51309883619172 9.068455336739417
-243.57424278679036 16.669580193333612
-245.635386737389 13.370321297894048
-247.69653068798763 13.392621211712424
-249.75767463858628 10.389581768900111
-251.8188185891849 12.142466358861876
-253.87996253978358 20.032783564766827
-255.9411064903822 8.531958948704235
-258.00225044098084 12.446012318172928
-260.0633943915795 2.394305648295734
