# BEGINHEADER
# This file contains data from the SALSA 2m radio telescope.
# DATE=2024-11-26T23:28:0041
# GLON and GLAT given in degrees
# GLON=139.82468722629062
# GLAT=-0.22026315743454095
# DATA in two columns below. Col. 1 is velocity relative to LSR [km/s]. Col. 2 is uncalibrated antenna temperature [K].
# ENDHEADER
265.8143327426962 5.781486051272104
263.7531887920975 14.538411528934832
261.69204484149884 11.991458071862917
259.63090089090025 12.315325990217508
257.5697569403016 11.569326365014145
255.50861298970295 10.161240646102247
253.4474690391043 11.94205406863563
251.38632508850566 12.213370213069448
249.32518113790704 11.58087370207808
247.2640371873084 11.853965567831525
245.20289323670977 12.152066081250487
243.1417492861111 10.33774840784379
241.08060533551247 12.022624000479295
239.01946138491382 11.084163306328659
236.9583174343152 11.609637969241508
234.89717348371653 12.820830417695747
232.8360295331179 10.962066627633192
230.77488558251926 10.370176924422042
228.71374163192064 11.176905386825625
226.652597681322 11.464203545905201
224.59145373072334 12.237372673539026
222.5303097801247 11.898943871573897
220.46916582952605 12.52677026891216
218.40802187892743 12.862161453992051
216.34687792832878 13.686688731740954
214.28573397773013 11.450526269207264
212.22459002713148 10.17091992341426
210.16344607653286 11.286666438010391
208.10230212593422 9.624627293594417
206.0411581753356 10.116696597965865
203.98001422473692 9.97051737829953
201.9188702741383 9.798620431300343
199.85772632353965 11.946792958781446
197.79658237294103 10.857480202430152
195.73543842234236 12.314723111670997
193.67429447174374 11.771579800550795
191.6131505211451 12.111890519674088
189.55200657054647 13.827149761844552
187.49086261994782 11.882982972228612
185.42971866934917 13.09901668825956
183.36857471875052 10.987336106421756
181.30743076815187 11.183984290562684
179.24628681755325 13.630129699084122
177.1851428669546 11.128778196773018
175.12399891635596 11.67007521186551
173.0628549657573 12.84003936065582
171.0017110151587 11.7588449149506
168.94056706456004 9.833158638513678
166.8794231139614 11.99060704689228
164.81827916336275 11.214690691754635
162.75713521276413 11.98032916608076
160.69599126216548 14.20920156743191
158.63484731156686 11.120251676175739
156.57370336096818 13.040449035352912
154.51255941036956 11.365196299286723
152.4514154597709 11.445979001108485
150.3902715091723 11.664646932431209
148.32912755857365 10.603591749861353
146.26798360797497 10.05776039500321
144.20683965737635 10.596352431012058
142.1456957067777 11.560021651079392
140.08455175617908 11.094825753965106
138.0234078055804 11.465520915564822
135.96226385498179 11.860646732134855
133.90111990438314 11.458733080843203
131.83997595378452 10.915169162891797
129.77883200318587 10.972744094251642
127.71768805258723 12.504273836117266
125.65654410198857 11.978517098537207
123.59540015138994 11.51104613458088
121.5342562007913 10.762486796956216
119.47311225019266 11.248320310772218
117.41196829959402 11.248658357491985
115.35082434899537 11.409985318990921
113.28968039839674 12.999954499313535
111.22853644779809 12.572619634919755
109.16739249719946 9.922567896090829
107.10624854660082 13.757851522519468
105.04510459600218 13.589287969926104
102.98396064540354 10.463001678384837
100.9228166948049 11.743313755651537
98.86167274420627 12.01587865544415
96.80052879360763 10.872514326557038
94.73938484300899 12.136839697483602
92.67824089241034 10.334661842722555
90.61709694181171 12.505164219961594
88.55595299121308 11.87619671512674
86.49480904061441 12.284642898981893
84.43366509001578 13.661692257817416
82.37252113941713 9.781187689827162
80.3113771888185 11.481681931211963
78.25023323821985 11.804047005662248
76.18908928762121 11.437956263853012
74.12794533702258 12.597040384408402
72.06680138642393 10.967908184206326
70.0056574358253 11.615078587651132
67.94451348522665 11.178053397497134
65.88336953462802 11.186479359691033
63.822225584029376 11.64325670278549
61.761081633430734 11.82816477908197
59.69993768283209 11.251868188494578
57.638793732233445 10.233680523847575
55.577649781634804 9.998908202182234
53.51650583103617 10.703109258995877
51.45536188043753 11.219625768173373
49.39421792983888 10.796819646714102
47.33307397924024 11.065386733843793
45.2719300286416 11.545373148227899
43.210786078042965 10.639277008675451
41.149642127444324 8.999760530256857
39.08849817684568 10.814289537212966
37.027354226247034 10.825087082117031
34.96621027564839 8.93094440487531
32.90506632504975 10.665060938364306
30.843922374451115 11.283729219902954
28.782778423852474 10.685419646238559
26.721634473253836 11.714620951984278
24.6604905226552 9.6015659001989
22.599346572056554 10.785093849591519
20.538202621457913 11.650504725377317
18.47705867085927 13.655591263710805
16.415914720260634 14.253002513297501
14.354770769661991 12.509166171088921
12.29362681906335 15.073260393505153
10.23248286846471 17.68258789450616
8.171338917866068 20.00668401241699
6.110194967267426 31.977765584906585
4.049051016668786 47.71769689691375
1.9879070660701457 60.6247266950815
-0.07323688452849512 78.91574724000877
-2.134380835127136 81.95372628151163
-4.195524785725778 78.69204427819092
-6.256668736324418 79.34949308330323
-8.317812686923059 76.25519042795953
-10.3789566375217 78.05155646848097
-12.44010058812034 87.13750029832525
-14.50124453871898 88.50881941823916
-16.56238848931762 78.53304588594166
-18.62353243991626 68.3886143139022
-20.684676390514902 59.505977857739346
-22.745820341113543 52.39938733505205
-24.806964291712188 50.96230319424962
-26.86810824231083 52.37060349903868
-28.929252192909466 59.64686843964865
-30.990396143508107 69.57178682267067
-33.05154009410675 76.88814807115057
-35.11268404470539 82.24746317421406
-37.17382799530403 88.92964275651732
-39.23497194590267 96.94179311336445
-41.29611589650131 102.36184022240485
-43.357259847099954 98.44925892485864
-45.418403797698595 90.69794039968671
-47.479547748297236 84.27200734154762
-49.54069169889588 71.30271818152737
-51.60183564949451 64.1169476146578
-53.66297960009315 55.573434045982864
-55.72412355069179 50.64446534526167
-57.78526750129043 47.18513930788609
-59.846411451889075 42.020398603684775
-61.907555402487716 36.444040763390504
-63.96869935308636 31.74667830216981
-66.02984330368498 29.007442363561584
-68.09098725428365 27.919404683384105
-70.15213120488228 28.685915108862265
-72.21327515548093 31.71613835690731
-74.27441910607956 32.56322751596962
-76.33556305667821 32.159968901027185
-78.39670700727685 33.346999980641
-80.45785095787548 27.133014830226475
-82.51899490847413 25.182424941869197
-84.58013885907276 22.17669990966479
-86.64128280967141 21.721102484646067
-88.70242676027004 20.805975474908312
-90.76357071086868 17.83846498898967
-92.82471466146733 18.222938477689798
-94.88585861206596 15.94218868835078
-96.94700256266461 12.968325863297785
-99.00814651326324 13.145281876816947
-101.06929046386189 11.337943612473438
-103.13043441446054 10.988497778190071
-105.19157836505917 12.447013460878338
-107.25272231565783 11.743491102105327
-109.31386626625647 9.288658407339563
-111.37501021685512 10.820404277977907
-113.43615416745375 10.319547440281355
-115.49729811805238 10.451337120953914
-117.55844206865103 12.764268362660353
-119.61958601924967 11.214366271905156
-121.68072996984831 11.262763861529235
-123.74187392044695 9.814105336310273
-125.80301787104558 8.315720058005772
-127.86416182164423 8.76942576385375
-129.92530577224287 10.773688268668353
-131.9864497228415 9.749512649543616
-134.04759367344016 11.109121130515199
-136.1087376240388 11.770484321416495
-138.16988157463743 8.415835381701264
-140.23102552523608 9.641286816968982
-142.2921694758347 10.185636569660009
-144.35331342643337 9.623425667762787
-146.414457377032 10.846789352903697
-148.47560132763064 10.050592493634651
-150.53674527822926 10.07466685555275
-152.59788922882794 11.137984049032843
-154.65903317942656 10.870909372540863
-156.7201771300252 10.866219319006925
-158.78132108062383 9.717750410002056
-160.84246503122247 10.698115704524545
-162.90360898182112 10.370181546475946
-164.96475293241977 10.580847806847178
-167.02589688301842 10.174880029419478
-169.08704083361704 11.622993024724682
-171.1481847842157 11.130613825383275
-173.20932873481433 10.26702996582412
-175.27047268541298 10.48221016454067
-177.3316166360116 10.43409121772281
-179.39276058661025 10.284944692263137
-181.45390453720887 9.94831711783726
-183.51504848780755 11.24688057492012
-185.57619243840617 9.715224288104256
-187.63733638900482 10.500163012472923
-189.69848033960344 10.807564536675716
-191.7596242902021 12.3835548688725
-193.82076824080073 11.666805133726694
-195.88191219139938 12.419735508259919
-197.943056141998 10.310245718042948
-200.00420009259665 10.739295609971203
-202.0653440431953 11.251925985703624
-204.12648799379394 10.432376348354174
-206.1876319443926 12.262766571681466
-208.2487758949912 11.634629218730787
-210.30991984558986 11.97613100143464
-212.3710637961885 10.568401456810472
-214.43220774678716 13.416648183270514
-216.49335169738578 11.788589657131222
-218.55449564798442 11.119343113719044
-220.61563959858307 11.591017024850276
-222.67678354918172 12.864058660545982
-224.73792749978034 12.628776910897686
-226.799071450379 12.43057263577223
-228.8602154009776 12.46995729452714
-230.92135935157629 11.48374555685021
-232.9825033021749 10.015230579217103
-235.04364725277355 12.287169271676701
-237.10479120337217 12.396339643220031
-239.16593515397082 11.576698275778119
-241.2270791045695 10.949043249140875
-243.28822305516812 14.238100968773432
-245.34936700576677 11.631789859602742
-247.41051095636539 12.8427794986017
-249.47165490696406 12.021609495975703
-251.53279885756268 11.181957233479416
-253.59394280816133 13.440810792904328
-255.65508675875995 10.738027604632483
-257.71623070935857 11.38288938796884
-259.7773746599573 13.942472592864265
