# BEGINHEADER
# This file contains data from the SALSA 2m radio telescope.
# DATE=2024-11-27T00:01:0045
# GLON and GLAT given in degrees
# GLON=129.78713221433924
# GLAT=-0.169481642519893
# DATA in two columns below. Col. 1 is velocity relative to LSR [km/s]. Col. 2 is uncalibrated antenna temperature [K].
# ENDHEADER
265.76632402089746 6.281628749843953
263.70518007029887 14.440401267829477
261.64403611970016 11.817366025987358
259.58289216910157 12.46142022918716
257.52174821850286 11.366204668725285
255.46060426790424 12.190585919260563
253.39946031730562 11.97255384228972
251.33831636670698 10.716546048099456
249.27717241610836 10.56905931790719
247.21602846550968 14.379644121015072
245.15488451491106 17.97708640284676
243.0937405643124 10.376577508596545
241.03259661371376 11.772973270729091
238.97145266311512 10.740785041189424
236.91030871251647 12.924097632353494
234.84916476191785 11.355674859566742
232.7880208113192 11.81547568864363
230.72687686072058 12.60566345639232
228.6657329101219 13.927719600513473
226.60458895952328 11.159276334166185
224.54344500892464 11.666606106178229
222.48230105832602 11.59761271734943
220.42115710772737 10.732046886951371
218.36001315712872 14.638095797794819
216.29886920653007 11.712923024523416
214.23772525593145 12.297429780349756
212.1765813053328 12.527180754994307
210.11543735473415 12.19993753144771
208.0542934041355 12.35192429970417
205.9931494535369 12.10713133541017
203.93200550293824 12.243572211056726
201.8708615523396 11.645942554360257
199.80971760174094 10.874105057909542
197.7485736511423 12.463844713564718
195.68742970054367 11.319827713706294
193.62628574994503 12.736762701639607
191.5651417993464 11.70440990647546
189.50399784874773 13.961605027684946
187.4428538981491 13.391808455218762
185.38170994755046 11.449724873961257
183.32056599695184 11.449288165462189
181.2594220463532 9.930200718675952
179.19827809575455 11.02266832735518
177.1371341451559 10.368327435861023
175.07599019455728 11.875157450761806
173.01484624395863 11.209299291854233
170.95370229335998 11.324549074173817
168.89255834276133 10.719193296011383
166.8314143921627 12.457582611792416
164.77027044156407 10.54095721314794
162.70912649096542 11.441320461815693
160.64798254036677 12.17476211787408
158.58683858976812 12.011799552826137
156.5256946391695 12.57840935511367
154.46455068857085 8.717710995542546
152.40340673797223 11.21804948490172
150.34226278737356 10.115617090557864
148.28111883677494 11.378683855496037
146.2199748861763 11.016887011699914
144.15883093557767 12.98035678194086
142.097686984979 9.837764022875938
140.03654303438037 12.18137691682917
137.97539908378172 12.380743310076506
135.9142551331831 12.890320426906973
133.85311118258446 13.214687953985099
131.7919672319858 12.955211393207088
129.73082328138716 11.061414895106013
127.66967933078853 12.198288518016806
125.60853538018989 11.828813139421802
123.54739142959124 11.207442678098861
121.48624747899261 12.44102063986106
119.42510352839396 11.453931788798288
117.36395957779533 11.473120460652835
115.30281562719668 12.158672586421295
113.24167167659805 10.979577393950956
111.18052772599941 11.586120764632291
109.11938377540076 12.028744126991818
107.05823982480213 11.574963812242641
104.99709587420347 11.16190275639006
102.93595192360483 10.423842109913064
100.87480797300618 12.06389218491627
98.81366402240755 10.952748726576917
96.75252007180892 10.626930432600037
94.69137612121027 11.702632266008154
92.63023217061163 11.477583382483447
90.56908822001299 11.546294699264646
88.50794426941435 10.906845358877417
86.4468003188157 10.933452598469534
84.38565636821707 11.053518157479598
82.32451241761844 10.655838111308228
80.26336846701979 10.834241568579287
78.20222451642115 11.512243420975219
76.1410805658225 10.597927320260503
74.07993661522387 10.393373399096596
72.01879266462522 10.342845374410368
69.95764871402659 9.516217022878473
67.89650476342794 11.786317233970454
65.8353608128293 12.18641343934639
63.774216862230666 10.657751793196402
61.713072911632025 11.31895468951169
59.651928961033384 11.690745310574544
57.590785010434736 10.792401180590014
55.529641059836095 12.365117737893845
53.468497109237454 9.725574859050171
51.40735315863881 11.425309283376544
49.34620920804017 10.78776907498905
47.28506525744153 12.934393068828305
45.22392130684289 11.861613646788006
43.16277735624425 9.468352592662297
41.10163340564561 10.129113068710787
39.040489455046966 10.92416506686287
36.979345504448325 10.612980072556567
34.918201553849684 10.853146935412829
32.85705760325104 11.932544424660065
30.795913652652402 10.767986383949534
28.734769702053764 10.008406859643932
26.673625751455123 12.6338817740394
24.61248180085648 10.71308005644193
22.551337850257838 12.276460366700402
20.4901938996592 13.229012574553826
18.42904994906056 13.024005353441426
16.367905998461918 13.628701915923163
14.306762047863277 14.02544684603377
12.245618097264636 15.281660848819138
10.184474146665996 17.635765745766218
8.123330196067354 17.38117642850558
6.062186245468714 27.34795755373187
4.001042294870073 41.73121855980204
1.9398983442714326 57.20702672957737
-0.12124560632720834 71.12126662314384
-2.182389556925849 73.61603114717273
-4.24353350752449 75.87811230738785
-6.30467745812313 75.54146368367759
-8.365821408721771 71.4262292371377
-10.42696535932041 70.21109757412184
-12.488109309919054 66.31240480680628
-14.549253260517693 65.11929850469039
-16.610397211116336 59.25242687469838
-18.671541161714977 51.7043033193361
-20.732685112313614 46.284576361350055
-22.793829062912256 42.394196923798866
-24.8549730135109 41.65640945717205
-26.916116964109538 40.681184806888474
-28.97726091470818 44.32830640290268
-31.03840486530682 46.94717275829682
-33.09954881590546 51.614732721391725
-35.1606927665041 58.21650998551559
-37.22183671710274 62.43572037807225
-39.28298066770139 71.30983766693171
-41.34412461830003 73.91120080025091
-43.40526856889866 79.61885643651996
-45.466412519497304 82.67791626118935
-47.527556470095945 83.45116160875452
-49.58870042069458 83.93695659500648
-51.64984437129322 83.78022644406383
-53.71098832189186 84.61007248489476
-55.7721322724905 83.03428335054775
-57.83327622308915 76.99942210284405
-59.89442017368779 68.37506817671039
-61.955564124286425 63.22794697217234
-64.01670807488506 53.748585002605445
-66.07785202548371 47.67020721541498
-68.13899597608234 43.10364458023516
-70.20013992668099 37.25585556446162
-72.26128387727962 35.38843211446212
-74.32242782787827 34.92987982691644
-76.3835717784769 34.027969652650526
-78.44471572907555 34.49181324647184
-80.50585967967419 35.66261789141397
-82.56700363027282 33.5786682526418
-84.62814758087147 31.555961819859714
-86.6892915314701 30.002065295024153
-88.75043548206877 27.151399429680033
-90.8115794326674 27.686071479325257
-92.87272338326605 25.626589517466975
-94.93386733386468 25.912414278288097
-96.99501128446332 25.351394283163657
-99.05615523506196 22.731739090015996
-101.1172991856606 23.44850826720403
-103.17844313625925 22.636990570089367
-105.23958708685788 17.83939782291091
-107.30073103745653 14.898057474112772
-109.36187498805516 14.08318920367224
-111.4230189386538 12.936655977487073
-113.48416288925245 12.091188755261706
-115.54530683985108 11.752612124731739
-117.60645079044973 10.614894300490386
-119.66759474104836 8.943303167390676
-121.72873869164701 10.97514272538515
-123.78988264224564 9.485837175950387
-125.85102659284429 10.471230068176398
-127.91217054344294 9.513527146076266
-129.97331449404157 10.233461404070772
-132.03445844464022 10.17377708003163
-134.09560239523884 9.974370148284972
-136.1567463458375 9.05816797618597
-138.2178902964361 9.239880806659793
-140.2790342470348 11.270067363198832
-142.3401781976334 12.047580037880547
-144.40132214823205 9.636438603965635
-146.4624660988307 8.861500632236782
-148.52361004942935 8.965238124096528
-150.584754000028 9.988538927238743
-152.64589795062662 8.418019993103695
-154.70704190122527 10.73995957750731
-156.7681858518239 10.503445954922467
-158.82932980242256 8.983001485108582
-160.89047375302118 9.673286113192594
-162.95161770361983 10.699951687405518
-165.01276165421845 11.50802140695316
-167.0739056048171 12.258045646649155
-169.13504955541575 9.565720448807038
-171.1961935060144 11.191051149123986
-173.25733745661302 10.77346007128988
-175.31848140721166 9.217907348225685
-177.3796253578103 9.784364234803052
-179.44076930840896 9.875193196821673
-181.50191325900758 11.456018905061386
-183.56305720960623 11.331750181639809
-185.62420116020488 10.733340150543809
-187.68534511080352 9.340788412466086
-189.74648906140217 10.910439313035347
-191.8076330120008 12.777104801520561
-193.86877696259944 10.110206576735846
-195.92992091319806 13.16554748656303
-197.99106486379674 11.693296581236996
-200.05220881439536 12.679792425595565
-202.113352764994 12.692062082881382
-204.17449671559262 12.185432750017531
-206.23564066619127 10.844082978165435
-208.29678461678992 11.074403574991265
-210.35792856738857 12.024563585807424
-212.4190725179872 13.00671144662105
-214.48021646858584 11.76549745081038
-216.54136041918449 12.873608212356935
-218.60250436978313 11.7928633448722
-220.66364832038175 12.683669549612217
-222.7247922709804 12.294915659962223
-224.78593622157905 12.128691293856216
-226.8470801721777 14.012767800833954
-228.90822412277635 10.892393392876386
-230.96936807337497 11.008671961329512
-233.0305120239736 12.745823427335402
-235.09165597457223 12.551941715258511
-237.1527999251709 11.27984932351562
-239.21394387576953 12.996216427690536
-241.27508782636818 12.990784738423327
-243.3362317769668 11.669069329238871
-245.39737572756547 11.399554214677789
-247.4585196781641 13.829209870271363
-249.51966362876274 12.670265205300465
-251.58080757936136 10.448295156507713
-253.64195152996 14.15975404809686
-255.70309548055866 11.794170249473465
-257.7642394311573 11.896952155100418
-259.82538338175596 12.407992915173695
