# BEGINHEADER
# This file contains data from the SALSA 2m radio telescope.
# DATE=2024-11-26T23:14:0039
# GLON and GLAT given in degrees
# GLON=79.83759121546994
# GLAT=0.1122944431929991
# DATA in two columns below. Col. 1 is velocity relative to LSR [km/s]. Col. 2 is uncalibrated antenna temperature [K].
# ENDHEADER
265.281226901432 7.937821618526531
263.2200829508334 15.343370899892887
261.15893900023474 13.429458086631557
259.0977950496361 15.13748548559638
257.0366510990374 12.090306663582524
254.97550714843877 13.805335436575925
252.91436319784015 12.506110683603422
250.8532192472415 15.087231211166198
248.79207529664288 12.596092688118526
246.7309313460442 13.35053489305242
244.66978739544558 14.03860787031332
242.60864344484693 14.093884839876035
240.5474994942483 12.767171309979153
238.48635554364964 14.130897191817015
236.42521159305102 13.114375439144522
234.36406764245237 11.700838296734002
232.30292369185375 12.41227084601857
230.2417797412551 12.499124011922627
228.18063579065645 12.569059299807405
226.1194918400578 13.950042490575173
224.05834788945918 12.5838316914824
221.99720393886054 13.292956350908131
219.93605998826192 13.544488918663808
217.87491603766324 12.345655912013655
215.8137720870646 14.09493404580285
213.75262813646597 12.584164970755609
211.69148418586732 12.612815146083515
209.63034023526868 14.171534164869424
207.56919628467003 12.9707019851295
205.5080523340714 12.96097319653386
203.44690838347276 12.895643247469394
201.38576443287414 13.26239196741204
199.32462048227546 12.177816160203541
197.26347653167687 12.852599514373228
195.20233258107822 13.11412387489175
193.1411886304796 12.36537067837547
191.08004467988093 12.499346712760332
189.0189007292823 14.784840597134249
186.95775677868366 13.992329432920547
184.89661282808504 13.918491753180668
182.83546887748636 12.92542321518774
180.77432492688774 12.180078614455024
178.7131809762891 13.554740055036374
176.65203702569045 14.669281573789847
174.59089307509183 13.48281034406444
172.52974912449315 13.041984034149609
170.46860517389453 12.804838254609512
168.40746122329588 13.524713246429009
166.34631727269726 14.310162675923978
164.28517332209861 13.949656786465463
162.22402937149997 14.674572232174947
160.16288542090132 12.886325936864766
158.1017414703027 14.743050223894674
156.04059751970405 13.615274152565162
153.97945356910543 14.42261122259661
151.91830961850675 12.82305444719922
149.85716566790813 12.855869164699978
147.7960217173095 12.269653847020297
145.73487776671087 15.472889099923357
143.6737338161122 14.47753509287277
141.61258986551357 13.685824555349397
139.55144591491492 13.504454599447898
137.49030196431627 14.237391912491958
135.42915801371765 14.672814756301294
133.36801406311898 12.424851985010127
131.30687011252036 13.120248329283328
129.2457261619217 12.308174992208079
127.18458221132308 15.017391460925314
125.12343826072444 12.326177454723343
123.06229431012581 11.790161315956384
121.00115035952716 11.859171722310538
118.94000640892851 11.914991169720228
116.87886245832986 14.76255890240813
114.81771850773123 11.509179817153457
112.7565745571326 14.00822035722636
110.69543060653395 12.574050332685959
108.63428665593531 14.142332234791708
106.57314270533666 13.37375725396499
104.51199875473803 12.194359403397591
102.45085480413938 13.903046450461881
100.38971085354075 12.335438321212314
98.3285669029421 11.781548558134583
96.26742295234345 14.035292679044739
94.20627900174482 13.16444228486432
92.14513505114617 12.827994402611761
90.08399110054754 12.711004325483032
88.0228471499489 13.82635621561916
85.96170319935025 13.431024412557834
83.90055924875162 13.192912040302975
81.83941529815296 12.81653076261715
79.77827134755432 12.517200991159257
77.71712739695569 13.917617983119552
75.65598344635704 10.66358998301101
73.59483949575841 12.247434902259753
71.53369554515976 13.603211629964477
69.47255159456112 12.831651089114903
67.41140764396248 14.105077713494632
65.35026369336384 11.29495100718812
63.2891197427652 11.390130288303046
61.22797579216656 11.79068684168147
59.16683184156792 10.642687408462699
57.105687890969286 12.470363973631093
55.044543940370644 12.37583763755032
52.983399989771996 13.461149787797808
50.922256039173355 11.050559318925158
48.861112088574714 14.999528612790494
46.79996813797607 12.53419681870246
44.73882418737743 13.63196164582453
42.6776802367788 11.7327968277262
40.61653628618016 11.905505900642593
38.555392335581516 14.474591747167748
36.494248384982875 13.892120431752828
34.433104434384234 14.380227860267949
32.37196048378559 15.931249122855208
30.31081653318695 16.702839128714473
28.249672582588307 17.874695830002207
26.18852863198967 19.40192424537985
24.127384681391028 23.610048931416166
22.066240730792387 29.990927063664554
20.005096780193746 38.21113067836546
17.943952829595105 52.185596344469516
15.882808878996464 69.43746690540671
13.821664928397825 87.72692145915435
11.760520977799183 107.70931134504104
9.699377027200544 118.51001785186763
7.638233076601902 123.8793395752532
5.577089126003261 121.5442234342393
3.515945175404621 118.40836704814667
1.45480122480598 112.83068022857569
-0.6063427257926608 117.34856830737569
-2.6674866763913014 120.72811725117644
-4.7286306269899425 117.28010026697422
-6.789774577588583 112.29639654226422
-8.850918528187224 103.08356259330002
-10.912062478785865 93.49188627643414
-12.973206429384508 81.51023542692626
-15.034350379983147 69.3757397051287
-17.095494330581786 57.33976732442558
-19.156638281180427 49.90698471967713
-21.217782231779072 44.873432498441474
-23.27892618237771 40.711771786298996
-25.34007013297635 40.157267523920275
-27.40121408357499 41.13589863786139
-29.462358034173633 41.06240622094935
-31.523501984772274 44.62789289518363
-33.584645935370915 49.115987027388954
-35.645789885969556 49.78378078067452
-37.7069338365682 52.82804399382733
-39.76807778716683 55.28177154262459
-41.82922173776547 57.17181152545041
-43.89036568836412 56.30948495784658
-45.95150963896276 53.15037593895125
-48.0126535895614 49.48134961547435
-50.073797540160044 43.074392750926
-52.134941490758685 40.02716494647768
-54.19608544135732 37.04709295427702
-56.25722939195596 34.72817313743251
-58.3183733425546 35.300769070253686
-60.37951729315324 36.19943113518394
-62.44066124375188 39.35002276631054
-64.50180519435052 45.868975953207084
-66.56294914494916 48.17517074866655
-68.6240930955478 50.12187635193757
-70.68523704614644 53.80028711989798
-72.7463809967451 52.06712625400745
-74.80752494734374 50.34568206079031
-76.86866889794237 49.90281859951333
-78.92981284854102 45.2724835639142
-80.99095679913965 42.65527952513055
-83.0521007497383 42.53377188768099
-85.11324470033694 41.79316910479959
-87.17438865093558 37.126306994621146
-89.23553260153422 33.95711926416447
-91.29667655213285 32.101583527280354
-93.3578205027315 29.28959186806808
-95.41896445333013 25.709829514477683
-97.48010840392878 22.560045302652316
-99.5412523545274 20.95975108638252
-101.60239630512605 18.63184581240501
-103.66354025572468 16.23955177088834
-105.72468420632333 15.741654524074008
-107.78582815692197 16.90685467691751
-109.8469721075206 14.382698105675598
-111.90811605811925 15.550567982199052
-113.9692600087179 15.616875332598768
-116.03040395931654 13.223622122331657
-118.09154790991518 14.001453866695236
-120.15269186051383 13.367975032814535
-122.21383581111246 14.480877525174469
-124.2749797617111 13.883271233160402
-126.33612371230974 13.456687122993252
-128.39726766290838 14.658771004717837
-130.45841161350702 12.584677059525228
-132.51955556410567 12.309953140896258
-134.5806995147043 12.875381595878949
-136.64184346530294 11.154013102519151
-138.7029874159016 12.895969575265248
-140.76413136650024 12.49237521977443
-142.82527531709886 12.410281745434906
-144.8864192676975 12.810463794225388
-146.94756321829615 11.472907238272999
-149.0087071688948 10.814351208309882
-151.06985111949342 12.696228012085335
-153.13099507009207 12.997873088506829
-155.1921390206907 11.968193038746843
-157.25328297128937 11.731216626382317
-159.31442692188799 12.482561787255916
-161.37557087248663 13.995952389824167
-163.43671482308525 12.276102687485386
-165.4978587736839 10.480099233648968
-167.55900272428255 12.005532105968753
-169.6201466748812 12.309982414758869
-171.68129062547985 13.518289989927586
-173.74243457607847 11.865521981298382
-175.80357852667714 12.933806205189606
-177.86472247727576 13.136027880293506
-179.9258664278744 14.033612639354923
-181.98701037847303 13.428776182600153
-184.04815432907168 13.089646744202808
-186.10929827967033 12.833043849237326
-188.17044223026897 12.856791422116693
-190.2315861808676 12.370405276464384
-192.29273013146624 12.737721132229874
-194.35387408206486 12.851641814268106
-196.41501803266354 12.68657573217265
-198.4761619832622 11.714208695988017
-200.53730593386084 12.991878982697987
-202.59844988445946 14.38098591559184
-204.6595938350581 13.457106184369387
-206.72073778565672 13.135115136957966
-208.7818817362554 12.79718906356985
-210.84302568685405 13.222053250021512
-212.90416963745267 13.493313959953404
-214.96531358805132 14.093453583384962
-217.02645753864996 12.429316428267091
-219.0876014892486 13.18881852338935
-221.14874543984723 13.762503517310098
-223.20988939044588 11.473779979350542
-225.2710333410445 12.711693593790015
-227.33217729164318 13.840696875740772
-229.3933212422418 12.830329875974959
-231.45446519284044 14.92064926383872
-233.51560914343906 14.665568206360968
-235.5767530940377 13.486544844027678
-237.63789704463636 14.280970026849205
-239.699040995235 17.204445211359083
-241.76018494583363 14.974543434100221
-243.82132889643228 15.72594709667888
-245.88247284703095 16.908412414256855
-247.94361679762957 15.189178355955264
-250.00476074822822 12.23804805622663
-252.06590469882684 15.083388403479319
-254.1270486494255 12.17357570725233
-256.18819260002414 13.833100313919205
-258.2493365506228 13.745647686261059
-260.31048050122143 15.047652940660134
