# BEGINHEADER
# This file contains data from the SALSA 2m radio telescope.
# DATE=2024-11-26T23:42:0035
# GLON and GLAT given in degrees
# GLON=219.8851054366619
# GLAT=-0.21345909165489213
# DATA in two columns below. Col. 1 is velocity relative to LSR [km/s]. Col. 2 is uncalibrated antenna temperature [K].
# ENDHEADER
265.37954262449733 8.50384069644956
263.3183986738987 12.419062415744037
261.25725472330004 10.638529608643905
259.1961107727014 14.058406364660797
257.13496682210274 18.520369743948027
255.07382287150412 15.181118420647813
253.0126789209055 13.593054767893655
250.95153497030685 18.681847024152727
248.8903910197082 2.641380289502638
246.82924706910956 16.483499415095558
244.7681031185109 11.85698859188414
242.7069591679123 8.733246560497498
240.64581521731364 13.08980472186821
238.584671266715 13.774234566708444
236.52352731611634 18.54861481457763
234.46238336551772 18.19224639025412
232.40123941491908 8.453031500112724
230.34009546432043 12.131401755641086
228.27895151372178 18.153777006528312
226.21780756312316 15.565041392232736
224.1566636125245 18.88304007286634
222.0955196619259 15.452777089322176
220.03437571132721 10.531991882059119
217.9732317607286 16.396167352503817
215.91208781012995 14.80175237046047
213.85094385953133 19.086964456707808
211.78979990893268 16.536600584810518
209.72865595833403 22.801748003040846
207.66751200773538 14.430684059878223
205.60636805713673 14.576854925201399
203.54522410653811 22.531290923903516
201.48408015593947 3.9220651926902073
199.42293620534082 20.910251665633524
197.36179225474214 15.737024823406733
195.30064830414352 23.303273362454
193.23950435354487 10.308699519641312
191.17836040294625 14.249232318007335
189.11721645234758 21.679828450436542
187.05607250174896 10.8717567724515
184.9949285511503 18.85646197514794
182.9337846005517 11.311361635965953
180.87264064995304 6.748093933710429
178.8114966993544 10.754578480552821
176.75035274875574 13.252226188205597
174.68920879815713 11.625266808221422
172.62806484755848 9.262443149234741
170.56692089695986 18.752924887145006
168.50577694636118 7.795767272120914
166.44463299576253 13.823361021337812
164.3834890451639 16.402951045889935
162.32234509456526 5.256406541950683
160.26120114396664 11.14957346348719
158.20005719336797 18.513676403770337
156.13891324276935 24.269377368121496
154.0777692921707 21.63436106266754
152.01662534157208 8.788891224248943
149.9554813909734 11.807246670328285
147.89433744037478 19.92279780719773
145.83319348977614 23.928970381400926
143.77204953917752 10.749630782955967
141.71090558857887 13.973318585338367
139.64976163798022 20.458804207240703
137.58861768738157 19.0798946739676
135.52747373678295 19.231602202672292
133.4663297861843 19.03239024910807
131.40518583558568 10.071822236561589
129.344041884987 15.236469430246176
127.28289793438837 13.260927020795531
125.22175398378974 7.856267554566836
123.16061003319109 13.825816874266973
121.09946608259246 20.589803434673478
119.03832213199382 17.95921082925528
116.97717818139517 20.654629051276657
114.91603423079654 15.36749915040533
112.85489028019789 11.183990959921726
110.79374632959926 14.119245531104356
108.7326023790006 8.821537441562386
106.67145842840196 13.547400011990247
104.61031447780333 18.584081945302767
102.54917052720468 12.419940474801946
100.48802657660605 10.404512905572485
98.42688262600741 10.7469082882954
96.36573867540878 14.241918195783121
94.30459472481013 22.039929144370735
92.2434507742115 20.10027733554973
90.18230682361285 15.860279190475497
88.12116287301421 9.240119333569822
86.06001892241557 19.537304959745114
83.99887497181693 20.03742763480261
81.9377310212183 17.886059156014856
79.87658707061965 24.951750563999333
77.81544312002102 26.374408719709624
75.75429916942237 24.780230100281514
73.69315521882373 29.446700421609446
71.63201126822507 30.780341753008795
69.57086731762644 40.82199464975439
67.5097233670278 37.63002427037521
65.44857941642915 47.07305111530157
63.38743546583053 67.43029877272572
61.32629151523188 64.76831388089155
59.26514756463324 73.30838441643778
57.2040036140346 80.75288227031058
55.14285966343596 74.20793655654995
53.081715712837315 80.40132488857932
51.020571762238674 69.36571279924745
48.95942781164004 66.82969635678677
46.8982838610414 61.42771694913547
44.83713991044276 57.75029856649663
42.77599595984412 57.27103044194635
40.71485200924547 61.27024423497363
38.65370805864683 62.65877246652109
36.59256410804819 59.78958676903412
34.53142015744955 70.03022404266127
32.47027620685091 62.37325167166852
30.40913225625227 60.04816853146517
28.34798830565363 55.559320715786534
26.286844355054985 55.741976283023135
24.225700404456347 66.96364568204102
22.164556453857706 73.30190203288706
20.103412503259065 75.07790558823461
18.042268552660428 89.49278494528482
15.981124602061785 91.11941290015845
13.919980651463144 82.07633291967414
11.8588367008645 75.33754885352393
9.79769275026586 48.38684501074024
7.7365487996672195 50.47419549231006
5.675404849068579 37.72377911053525
3.6142608984699383 36.48228436242156
1.5531169478712978 34.71946865323886
-0.5080270027273432 41.47831380386146
-2.5691709533259837 24.533279456534263
-4.630314903924624 29.416188969184308
-6.691458854523266 22.231389431183175
-8.752602805121908 18.31783338496329
-10.813746755720548 15.561093721074517
-12.874890706319187 17.8543686159762
-14.936034656917828 16.863164376257295
-16.997178607516467 12.344983348986696
-19.05832255811511 20.738214425079338
-21.119466508713753 15.16640177873679
-23.18061045931239 10.52320062966231
-25.24175440991103 9.019741337720161
-27.302898360509673 13.81776791251649
-29.36404231110831 7.808702527105998
-31.425186261706955 9.381463742476239
-33.48633021230559 15.464651302689152
-35.54747416290424 13.59207420686974
-37.60861811350288 12.254429540157707
-39.66976206410152 11.448583358507468
-41.73090601470016 8.345985327733654
-43.7920499652988 6.840569850789757
-45.85319391589744 7.16115720063717
-47.914337866496076 14.566634110237445
-49.97548181709472 13.302183877722152
-52.03662576769336 13.198039743252094
-54.097769718292 12.611469054208328
-56.15891366889065 11.960993593270851
-58.22005761948929 6.739683326856349
-60.28120157008793 9.157277304456558
-62.342345520686564 9.295216909427664
-64.40348947128521 16.68720656911882
-66.46463342188385 12.401917155084883
-68.52577737248248 14.37632084505462
-70.58692132308113 11.57023605783765
-72.64806527367976 13.273809317421582
-74.70920922427841 13.899709742464896
-76.77035317487704 -0.7504896228891956
-78.83149712547569 17.10878005710693
-80.89264107607433 23.255445849565813
-82.95378502667296 16.339356196918434
-85.01492897727162 15.225173330578494
-87.07607292787026 9.421737156051371
-89.1372168784689 10.499955282286242
-91.19836082906754 11.541765155805058
-93.25950477966619 16.022253217265945
-95.32064873026482 14.32990937883674
-97.38179268086346 14.21892141144203
-99.44293663146212 7.9685145443809065
-101.50408058206075 13.187758171257384
-103.56522453265939 11.300662258461243
-105.62636848325803 8.5709278195423
-107.68751243385667 5.543579153813072
-109.74865638445532 5.825411092079593
-111.80980033505395 16.300479319939804
-113.8709442856526 14.85928380237289
-115.93208823625123 11.52666045023094
-117.99323218684987 14.199614635555102
-120.05437613744851 10.13470542528835
-122.11552008804716 7.040667440263449
-124.17666403864581 20.698564056294348
-126.23780798924444 13.152678583265619
-128.29895193984308 13.807758974740326
-130.36009589044173 13.565875818612678
-132.42123984104038 16.1288951022217
-134.482383791639 12.673644169900864
-136.54352774223764 7.688137618666652
-138.60467169283626 12.519292248426973
-140.66581564343494 13.293197573881542
-142.7269595940336 10.855834401183733
-144.7881035446322 12.658116687323297
-146.84924749523086 19.638818129455927
-148.91039144582948 13.539352644637747
-150.97153539642815 6.248744697277423
-153.03267934702677 8.786962904606103
-155.09382329762542 14.639353503237846
-157.15496724822404 2.923612111677133
-159.2161111988227 14.645238043235437
-161.27725514942134 12.478363287217654
-163.33839910001998 10.116543959264847
-165.3995430506186 15.887341450633519
-167.46068700121725 11.293330120866274
-169.5218309518159 10.306574357461772
-171.58297490241455 12.267141619171037
-173.64411885301317 11.684631930774644
-175.70526280361182 13.710173729994533
-177.76640675421044 12.43736349903153
-179.8275507048091 19.678583254542378
-181.88869465540776 15.299208383055538
-183.94983860600638 18.51827417743621
-186.01098255660503 24.00065720452662
-188.07212650720365 21.868017426814788
-190.13327045780233 12.322140838281822
-192.19441440840095 12.226251935247532
-194.2555583589996 14.79095060883681
-196.3167023095982 12.69470501446424
-198.37784626019686 13.07476735773774
-200.43899021079548 8.061864373526562
-202.50013416139413 8.218165671951267
-204.56127811199275 16.859690997351677
-206.62242206259143 7.562875656835326
-208.68356601319005 14.105457927767942
-210.7447099637887 20.194287907748926
-212.8058539143873 12.181955770173165
-214.86699786498596 12.59845982696904
-216.9281418155846 10.84430014704284
-218.98928576618326 16.185591113743673
-221.0504297167819 12.985779306479046
-223.11157366738053 9.705572806832677
-225.1727176179792 12.699964980148785
-227.23386156857782 12.251413596968034
-229.29500551917647 14.428072846118837
-231.3561494697751 11.092623160759848
-233.41729342037374 10.81886427125215
-235.4784373709724 18.428020808678614
-237.53958132157103 18.331943110235006
-239.60072527216965 14.407091462927367
-241.6618692227683 14.621532670093911
-243.72301317336692 14.376033105152601
-245.7841571239656 13.57946065668827
-247.84530107456422 16.926001595245825
-249.90644502516287 13.99000897121864
-251.9675889757615 17.295908496599804
-254.02873292636014 20.99894413619423
-256.0898768769588 6.198931821806929
-258.15102082755743 15.213266810050685
-260.2121647781561 16.636740307836877
