# BEGINHEADER
# This file contains data from the SALSA 2m radio telescope.
# DATE=2024-11-27T00:11:0021
# GLON and GLAT given in degrees
# GLON=189.81751629366863
# GLAT=-0.31985344869975324
# DATA in two columns below. Col. 1 is velocity relative to LSR [km/s]. Col. 2 is uncalibrated antenna temperature [K].
# ENDHEADER
265.66327782094925 7.960770662455914
263.6021338703506 14.521150408007623
261.540989919752 13.062136924658649
259.47984596915336 12.454514608936709
257.4187020185547 13.34557886474267
255.35755806795606 14.727462409437534
253.29641411735744 14.321485473247426
251.2352701667588 12.671203535315872
249.17412621616015 11.359207462934576
247.1129822655615 13.811835092029053
245.05183831496288 15.920062800204846
242.99069436436423 12.318169874919976
240.9295504137656 12.690223797977103
238.86840646316693 13.735065306820664
236.80726251256831 13.366004142881552
234.74611856196967 12.620391285512369
232.68497461137105 12.226400636545613
230.6238306607724 13.593205646947938
228.56268671017372 13.394825125954721
226.5015427595751 10.218493605643381
224.44039880897645 13.359829318732245
222.37925485837783 13.318639760048795
220.31811090777916 12.007579657770687
218.25696695718054 12.544556775721468
216.1958230065819 12.553172523106488
214.13467905598327 12.191450616770968
212.07353510538462 11.028208292402546
210.01239115478597 13.336117308229358
207.95124720418733 14.328028531254969
205.8901032535887 11.576736150560842
203.82895930299006 12.484287736971748
201.76781535239144 11.533946956717722
199.70667140179276 12.418151647756302
197.64552745119417 12.073732037253784
195.58438350059552 11.968023426475018
193.52323954999687 13.176066746892767
191.46209559939822 13.026479342029313
189.40095164879958 12.778459062868896
187.33980769820096 13.71915460166197
185.2786637476023 13.84210915417979
183.21751979700366 10.931929851077149
181.156375846405 13.211610128862057
179.0952318958064 13.392213653445152
177.03408794520774 12.846407103198304
174.97294399460912 12.533693321189071
172.91180004401045 11.527627753355
170.85065609341183 14.153930236640788
168.78951214281318 11.189446798211687
166.72836819221456 12.962847922018776
164.66722424161588 12.961965095186414
162.60608029101726 10.367095594602175
160.54493634041862 12.60754169786729
158.48379238982 13.124984826035657
156.42264843922135 13.03840767347948
154.3615044886227 12.436954774032559
152.30036053802405 12.884596946161862
150.2392165874254 11.472215653414324
148.17807263682678 12.232368498514719
146.11692868622814 12.754965050693553
144.0557847356295 12.458169786083186
141.99464078503084 10.712807990135259
139.93349683443222 12.871195674545312
137.87235288383357 13.245726059542065
135.81120893323492 12.369464854611268
133.75006498263627 12.388915138584853
131.68892103203765 13.121861090870155
129.627777081439 12.648899190471926
127.56663313084036 11.933068860249023
125.50548918024172 12.64076027188416
123.44434522964308 11.893727805967956
121.38320127904444 12.752259391692633
119.32205732844581 12.560260960928671
117.26091337784716 12.02303647390748
115.19976942724853 11.774014054927772
113.13862547664988 12.7858270701134
111.07748152605124 13.707455894756906
109.0163375754526 13.038382999854711
106.95519362485396 12.63018541346362
104.89404967425533 11.801370689365383
102.83290572365668 11.897361554313616
100.77176177305805 13.524574079240049
98.7106178224594 11.675313977811452
96.64947387186075 11.858734422213612
94.5883299212621 13.036201422593736
92.52718597066345 11.334392831146575
90.46604202006482 13.911462302298958
88.40489806946617 12.404643500807012
86.34375411886754 12.749199654882858
84.2826101682689 13.602446189420757
82.22146621767025 11.847282712507955
80.16032226707162 12.00300181647507
78.09917831647297 12.036917231770028
76.03803436587434 11.36137545271429
73.97689041527569 12.803711393485516
71.91574646467706 13.086751995761713
69.85460251407842 14.369463268528682
67.79345856347977 12.396245871445128
65.73231461288114 12.81001254818693
63.67117066228249 10.526194244767487
61.61002671168385 11.291685601650842
59.54888276108521 12.872004628996253
57.48773881048657 12.302485239596253
55.42659485988793 12.67780424473119
53.36545090928929 11.158038578926723
51.304306958690646 10.603700695808179
49.24316300809201 12.453044526192107
47.18201905749336 11.951272250105117
45.12087510689472 12.02387166653495
43.05973115629608 14.088266939409639
40.99858720569744 13.162370986641974
38.9374432550988 12.862162118935991
36.876299304500165 14.01997624729292
34.815155353901524 14.959355236194982
32.75401140330288 16.31856347854571
30.692867452704238 20.54022445703769
28.631723502105597 22.49504044182356
26.57057955150696 22.214996406378848
24.50943560090832 32.774951426936084
22.448291650309674 41.69563834603462
20.387147699711033 52.99822535365865
18.326003749112395 69.18284444846502
16.264859798513754 89.48634292107471
14.203715847915113 105.69701550767665
12.142571897316474 122.33506957779771
10.081427946717833 131.64753757895426
8.020283996119192 136.49623464019075
5.959140045520551 143.51562227216033
3.8979960949219103 140.2488056926606
1.8368521443232695 126.9107658287975
-0.22429180627537137 126.74309707082081
-2.285435756874012 115.5564005682097
-4.346579707472652 98.76440676756296
-6.407723658071293 78.66501650553936
-8.468867608669935 62.144941747943705
-10.530011559268575 49.16575053746692
-12.591155509867217 36.90322611516872
-14.652299460465859 27.693019246767268
-16.7134434110645 24.504049546289878
-18.77458736166314 21.94442582252876
-20.83573131226178 19.538813669483215
-22.89687526286042 15.601880949831543
-24.95801921345906 17.046939524042816
-27.019163164057705 16.028300294508465
-29.080307114656343 13.701385915202588
-31.141451065254984 14.040143392326476
-33.202595015853625 12.752131278894193
-35.263738966452266 13.321832323479242
-37.32488291705091 13.510269273231975
-39.38602686764955 11.01102387364601
-41.44717081824819 13.53804194291283
-43.50831476884683 12.592759001564653
-45.569458719445464 13.197545762908527
-47.630602670044105 12.290602637790206
-49.69174662064275 11.099879390784901
-51.752890571241394 10.465473585544958
-53.814034521840036 11.356606844062979
-55.87517847243868 11.102219487079564
-57.93632242303732 11.4262843056014
-59.99746637363595 11.424019237280895
-62.05861032423459 11.58886062906562
-64.11975427483324 11.459019599374987
-66.18089822543189 12.360270907249078
-68.24204217603052 9.021446877879805
-70.30318612662916 11.145876616208556
-72.3643300772278 11.03231432560488
-74.42547402782644 11.180525579500483
-76.48661797842509 11.349587626900345
-78.54776192902372 12.815928385218548
-80.60890587962236 12.49926974677534
-82.670049830221 11.816031323283758
-84.73119378081964 13.00328323128695
-86.79233773141829 10.03421421142821
-88.85348168201692 10.265737757022169
-90.91462563261557 9.792712510962431
-92.9757695832142 9.45050581732837
-95.03691353381284 10.816011781552948
-97.09805748441148 10.467115925062503
-99.15920143501013 11.652625527738493
-101.22034538560877 11.771109035957014
-103.2814893362074 11.311016005738734
-105.34263328680605 11.306606393353173
-107.40377723740468 9.05210310068912
-109.46492118800333 10.358826659809871
-111.52606513860196 10.681538430955106
-113.58720908920061 10.814413201393583
-115.64835303979925 10.504831436767846
-117.70949699039788 10.883716941416429
-119.77064094099653 10.593082528916405
-121.83178489159516 10.180335488961724
-123.89292884219381 11.543603436354976
-125.95407279279245 11.178761607559474
-128.0152167433911 11.470173653120705
-130.07636069398973 10.623712289779283
-132.13750464458838 10.788170533649998
-134.198648595187 12.52530842088057
-136.25979254578567 10.592510910765812
-138.3209364963843 10.858032760702136
-140.38208044698294 10.685433488009942
-142.44322439758156 10.158046222192853
-144.5043683481802 10.949554061573732
-146.56551229877886 10.072645253762719
-148.6266562493775 9.675582326602072
-150.68780019997612 11.440343471623025
-152.74894415057477 13.125745191051028
-154.81008810117342 12.010584858414747
-156.87123205177207 11.461107536257611
-158.93237600237072 10.065176926175196
-160.99351995296934 13.423619331887664
-163.05466390356798 11.603534163517134
-165.11580785416663 11.525530350765141
-167.17695180476528 11.791833537690321
-169.2380957553639 10.575967550538376
-171.29923970596255 11.767986433372522
-173.36038365656117 12.036232509524309
-175.42152760715985 11.6782360663687
-177.48267155775847 11.776574663277938
-179.5438155083571 11.830709028266996
-181.60495945895573 13.058261505793938
-183.6661034095544 12.588184335830649
-185.72724736015303 11.0416357343358
-187.78839131075168 12.812250203241767
-189.8495352613503 11.430468218216877
-191.91067921194895 13.096464375555458
-193.9718231625476 11.470548646655384
-196.03296711314624 11.837902963769432
-198.0941110637449 13.47985285570277
-200.15525501434354 11.517430731207202
-202.2163989649422 12.29295184630968
-204.2775429155408 13.320501405676858
-206.33868686613948 11.961623892421251
-208.3998308167381 13.022704203579906
-210.46097476733675 12.174804818312005
-212.52211871793537 13.187432273685495
-214.58326266853402 12.538625551674931
-216.64440661913267 11.65889854495853
-218.70555056973132 13.120335080843931
-220.76669452032993 13.424126077015037
-222.82783847092858 14.003652194255265
-224.88898242152723 14.424110381074964
-226.95012637212588 14.245087705881893
-229.0112703227245 12.933001132659868
-231.07241427332315 12.492782657190912
-233.13355822392177 14.188439208940387
-235.19470217452044 13.441699924175339
-237.2558461251191 13.885049220185444
-239.3169900757177 12.115944017457894
-241.37813402631636 14.590094956037646
-243.43927797691498 12.717382495584934
-245.50042192751366 13.803458812287552
-247.56156587811228 13.933915067548714
-249.62270982871092 13.171171228918915
-251.68385377930954 13.125732222406887
-253.7449977299082 14.154616189319148
-255.80614168050684 13.462593380890242
-257.86728563110546 13.188030263423045
-259.9284295817041 13.15734175198841
