# BEGINHEADER
# This file contains data from the SALSA 2m radio telescope.
# DATE=2024-11-26T23:53:0004
# GLON and GLAT given in degrees
# GLON=69.80187664208317
# GLAT=0.11665230932743452
# DATA in two columns below. Col. 1 is velocity relative to LSR [km/s]. Col. 2 is uncalibrated antenna temperature [K].
# ENDHEADER
265.1210031321358 7.78147902426713
263.0598591815372 17.04226114546849
260.9987152309385 15.502058567695473
258.9375712803399 14.321749579025779
256.87642732974126 13.039992484779049
254.8152833791426 13.883675177990213
252.75413942854394 14.403742913875929
250.69299547794532 12.464019691517482
248.63185152734667 13.63339806196893
246.57070757674805 14.43652287358025
244.5095636261494 14.433420462637084
242.44841967555075 14.729069428559786
240.3872757249521 14.232254407374436
238.32613177435348 13.400086375783568
236.26498782375484 13.309653466435432
234.20384387315622 14.066480167577883
232.14269992255754 13.682639526653434
230.08155597195892 13.769004871738847
228.02041202136027 14.755637934841317
225.95926807076165 12.367171104478539
223.89812412016298 14.17373302011462
221.83698016956436 12.98331951863871
219.7758362189657 13.687554945542185
217.7146922683671 15.533072068684508
215.65354831776844 15.008000615947974
213.59240436716976 13.439899957757174
211.53126041657114 14.132552057571575
209.4701164659725 14.39400853779897
207.40897251537388 14.580349343594008
205.34782856477523 13.959197188851244
203.28668461417658 15.052430602670208
201.22554066357793 14.412396635687607
199.1643967129793 12.991964787215165
197.10325276238066 14.988708878462504
195.04210881178204 13.169685382692082
192.9809648611834 13.526350632975177
190.91982091058478 13.63201652584339
188.85867695998613 15.735903932791981
186.79753300938748 14.9964444717344
184.73638905878883 12.46221458967385
182.6752451081902 15.00677920590581
180.61410115759156 14.65135322426849
178.55295720699294 12.565609665546742
176.49181325639427 12.595054072727532
174.43066930579565 12.710518215172177
172.369525355197 12.628445925779715
170.30838140459835 13.566398273327593
168.2472374539997 13.945501140300461
166.18609350340105 12.890963884278685
164.12494955280243 14.050983178073162
162.0638056022038 12.85590847085924
160.00266165160517 15.072089150725445
157.9415177010065 13.921236957501076
155.88037375040787 13.269754992694157
153.81922979980922 14.150677425095761
151.7580858492106 14.888344062685126
149.69694189861195 12.600349354916492
147.6357979480133 14.486177796281723
145.57465399741466 14.16764564607194
143.51351004681604 15.588967767060906
141.4523660962174 13.662064966542525
139.39122214561877 12.29210254858961
137.3300781950201 13.49856840322379
135.26893424442147 14.12176059263265
133.20779029382282 14.372888318196713
131.14664634322418 11.78858717872882
129.08550239262553 13.627087190108393
127.0243584420269 15.098313530404615
124.96321449142826 13.044310063975537
122.90207054082963 12.889468609727771
120.84092659023098 14.52817131819339
118.77978263963234 14.432780078549055
116.7186386890337 13.762479803722247
114.65749473843505 15.105621600911789
112.5963507878364 13.309007337535126
110.53520683723777 12.02299340959008
108.47406288663913 14.624370336975808
106.41291893604048 13.482180512256202
104.35177498544185 13.609102905975579
102.2906310348432 14.646203714174964
100.22948708424457 14.78387270492355
98.16834313364592 14.21331797124165
96.10719918304727 13.776221505556467
94.04605523244864 12.726343293226266
91.98491128184999 14.125871587019908
89.92376733125136 15.004396389056303
87.86262338065272 14.548461039072953
85.80147943005407 12.877579516616457
83.74033547945544 13.81852538890123
81.67919152885679 13.429299128360645
79.61804757825816 12.688874941965679
77.5569036276595 13.35752346385018
75.49575967706086 11.423549246943773
73.43461572646223 10.564547732274109
71.37347177586358 13.254176505519222
69.31232782526494 12.680309410608062
67.2511838746663 13.411801550925219
65.19003992406766 13.744043418378475
63.12889597346902 13.117846779842333
61.06775202287038 13.442918720992859
59.00660807227174 13.634098633063035
56.9454641216731 10.880163048322839
54.884320171074464 13.12564202046943
52.82317622047582 14.204904033085803
50.76203226987718 13.384051112490766
48.70088831927855 14.139012031699876
46.6397443686799 14.213769608012246
44.57860041808126 13.233673662253684
42.51745646748262 13.789003886546425
40.456312516883976 15.186371567961263
38.39516856628534 14.821075516845893
36.3340246156867 14.821298350603506
34.27288066508806 15.557176056293045
32.21173671448942 16.501720954024936
30.150592763890774 17.970206625120316
28.089448813292137 20.97250654618223
26.028304862693496 23.856457967367163
23.96716091209485 26.501341399791695
21.90601696149621 35.4711801831665
19.84487301089757 43.950365792297184
17.783729060298928 55.47481322266771
15.722585109700287 66.3782963527756
13.661441159101647 78.91656956958772
11.600297208503006 89.29626146917177
9.539153257904367 101.25370756963495
7.478009307305726 108.61055758980154
5.416865356707085 111.213718793933
3.3557214061084446 109.03949127892622
1.2945774555098035 100.49440539565133
-0.7665664950888371 96.1222808403297
-2.8277104456874778 86.42137901752271
-4.888854396286119 76.58538682110552
-6.94999834688476 65.54892287727246
-9.011142297483401 57.93434831314046
-11.07228624808204 52.67059074819863
-13.133430198680683 49.00259547060065
-15.194574149279324 47.8691919890599
-17.255718099877967 45.51506867522047
-19.316862050476605 41.32293053659689
-21.378006001075246 42.01708584119563
-23.439149951673887 41.79141801519512
-25.500293902272528 39.65135181379696
-27.561437852871165 35.75271440512645
-29.622581803469807 34.177816049561905
-31.683725754068448 31.853941043870044
-33.74486970466709 29.478939098960673
-35.80601365526573 27.154725899621774
-37.86715760586437 26.75048605804217
-39.92830155646301 23.830667021132392
-41.98944550706165 24.562643269505745
-44.05058945766029 26.214561117563687
-46.11173340825893 25.25185063615229
-48.17287735885757 27.894822181416416
-50.234021309456224 31.57142373791362
-52.295165260054866 32.96468372078458
-54.3563092106535 34.149745987798795
-56.41745316125214 38.599437331893455
-58.47859711185078 39.23314176674054
-60.53974106244942 43.49830690533134
-62.600885013048064 45.46827782257858
-64.6620289636467 47.290428034055644
-66.72317291424534 51.48688875402687
-68.78431686484399 52.96005525683096
-70.84546081544262 52.66703704092032
-72.90660476604127 48.790300412873655
-74.9677487166399 47.72898537468492
-77.02889266723854 42.87486520535039
-79.0900366178372 36.99263556878469
-81.15118056843583 33.816336734655536
-83.21232451903448 27.15453770515279
-85.27346846963312 23.84178911942715
-87.33461242023176 20.037077514231182
-89.3957563708304 20.879149411862834
-91.45690032142903 19.4722585136511
-93.51804427202768 17.790712139038106
-95.57918822262631 18.90495223483715
-97.64033217322496 17.031548450882052
-99.70147612382358 17.69098877228668
-101.76262007442223 17.897662809649688
-103.82376402502086 16.889669300984206
-105.88490797561951 16.57479861978465
-107.94605192621815 17.133315354938315
-110.00719587681678 16.265959411276775
-112.06833982741543 14.694621219945759
-114.12948377801406 13.007769714813753
-116.19062772861271 14.390384000345762
-118.25177167921136 14.32780935912848
-120.31291562981 14.419421047427994
-122.37405958040864 14.23907892550033
-124.43520353100728 13.673404668414591
-126.49634748160592 12.328300462150583
-128.55749143220456 13.125120886717125
-130.6186353828032 13.090973846187682
-132.67977933340185 12.957180546357458
-134.74092328400047 12.535560727423613
-136.80206723459912 12.41804668919393
-138.86321118519777 13.009089585601378
-140.9243551357964 13.734623385261465
-142.98549908639507 13.455831580544913
-145.0466430369937 12.350930758384138
-147.10778698759233 13.224187748653955
-149.16893093819095 13.535205043244963
-151.2300748887896 12.924102326571687
-153.29121883938825 12.09883690428008
-155.3523627899869 14.337047324891673
-157.41350674058552 14.118394159070279
-159.47465069118417 13.719500515271438
-161.53579464178281 12.310623594162738
-163.59693859238146 13.059472548226427
-165.65808254298008 12.29082724581602
-167.71922649357873 14.070629155976256
-169.78037044417735 14.05618915054568
-171.84151439477603 14.908382206950826
-173.90265834537465 16.400152530339966
-175.9638022959733 13.705742468898267
-178.02494624657194 13.733531835904813
-180.08609019717056 14.484067109313933
-182.14723414776924 14.005905523940664
-184.20837809836786 13.689782808149385
-186.2695220489665 13.512220663376233
-188.33066599956513 14.77526195521331
-190.3918099501638 16.31992424686571
-192.45295390076242 15.391139359072607
-194.51409785136107 16.113969903125422
-196.5752418019597 14.912041789859211
-198.63638575255837 14.275570485859154
-200.697529703157 15.79502755252815
-202.75867365375566 13.941775156135686
-204.81981760435428 14.213200258846006
-206.88096155495293 15.388301364306933
-208.94210550555155 15.124923614978735
-211.0032494561502 14.878941626068872
-213.06439340674888 15.121855606646713
-215.1255373573475 14.228333678332246
-217.18668130794615 14.2769532600053
-219.24782525854476 14.940640241838237
-221.3089692091434 14.750835851701805
-223.37011315974206 13.381586026343795
-225.4312571103407 13.09540144907975
-227.49240106093933 13.524661712834009
-229.55354501153798 15.949576013145975
-231.61468896213663 14.50211489316962
-233.67583291273527 15.026590729622786
-235.7369768633339 14.482875308611268
-237.79812081393254 16.44211147545825
-239.85926476453116 16.382749680212882
-241.92040871512984 14.170078522925854
-243.98155266572846 16.015609198029523
-246.0426966163271 14.781376830464726
-248.10384056692573 16.020560590024203
-250.16498451752437 14.988497828681242
-252.22612846812305 15.390039272301697
-254.28727241872167 16.63991299933595
-256.3484163693203 15.283886605887503
-258.40956031991897 15.258355610476869
-260.4707042705176 16.809642591349622
