# BEGINHEADER
# This file contains data from the SALSA 2m radio telescope.
# DATE=2024-11-26T23:23:0034
# GLON and GLAT given in degrees
# GLON=119.80687306224853
# GLAT=-0.1396407657758741
# DATA in two columns below. Col. 1 is velocity relative to LSR [km/s]. Col. 2 is uncalibrated antenna temperature [K].
# ENDHEADER
265.69954557851617 7.9209332830882895
263.6384016279176 11.656429700982955
261.57725767731887 9.1162187526885
259.5161137267202 8.888145292059187
257.45496977612163 7.289664754550715
255.39382582552295 12.034651465335653
253.3326818749243 9.532914317904934
251.27153792432568 6.057066724268014
249.21039397372704 12.18935187671871
247.14925002312842 14.980220129250464
245.08810607252974 12.347974294179442
243.02696212193112 18.95489895373705
240.96581817133247 13.540743285796113
238.90467422073385 10.330644891218245
236.8435302701352 11.153995295739938
234.78238631953656 9.614118200925947
232.7212423689379 6.994763972355435
230.6600984183393 14.29450666146286
228.59895446774064 17.26620708896031
226.53781051714202 11.507398302985864
224.47666656654334 8.297155000555083
222.4155226159447 10.187362060445253
220.35437866534608 9.034485827479415
218.29323471474743 19.158920615413557
216.23209076414878 7.6822808051137335
214.17094681355013 9.869407817034693
212.1098028629515 12.794274164184312
210.04865891235286 8.58841462686561
207.98751496175424 12.408751301557531
205.92637101115557 11.355115332728472
203.86522706055695 9.622229492985186
201.8040831099583 1.4516215181349337
199.74293915935968 9.240874331039157
197.68179520876103 12.090978542385495
195.62065125816238 11.403049037989259
193.55950730756373 11.63638171724731
191.49836335696511 0.06176785174589612
189.43721940636647 16.27720128699976
187.37607545576782 12.712462798698999
185.31493150516917 21.09363152219072
183.25378755457052 21.60232717184625
181.1926436039719 7.980047795744675
179.13149965337325 14.46565138313853
177.0703557027746 13.793213736988076
175.00921175217596 9.805531387596849
172.94806780157734 20.723604061157438
170.8869238509787 10.095607983870021
168.82577990038007 11.556925675886863
166.7646359497814 7.800778954921714
164.70349199918277 6.567796739316838
162.64234804858413 12.904461464971549
160.5812040979855 26.962405405725367
158.52006014738683 10.250067021797406
156.4589161967882 9.32106141340839
154.39777224618956 7.237546667041217
152.33662829559094 5.413374010228068
150.2754843449923 9.70768509260886
148.21434039439364 16.05724195135614
146.153196443795 14.351060505715257
144.09205249319635 9.343970211345855
142.03090854259773 2.686216292562398
139.96976459199908 12.277657522922837
137.90862064140043 11.088520111671773
135.84747669080178 3.745594382397932
133.78633274020316 9.465398069877244
131.72518878960452 16.542602809611086
129.66404483900587 11.728392949660622
127.60290088840725 5.758937829202825
125.54175693780859 10.591051228116752
123.48061298720995 15.966504114296509
121.4194690366113 11.12748140838023
119.35832508601267 8.982262495151671
117.29718113541402 6.876810690896644
115.23603718481539 3.76248138545549
113.17489323421675 6.863783244703867
111.1137492836181 15.045884258056764
109.05260533301947 12.53273596762862
106.99146138242082 11.945402500536876
104.93031743182219 14.90738084065791
102.86917348122356 11.620478242919631
100.8080295306249 8.601882234365622
98.74688558002626 6.0821398115046925
96.68574162942761 9.187486883176119
94.62459767882898 12.111283273774744
92.56345372823034 7.821839076239328
90.5023097776317 6.705635943768081
88.44116582703306 10.5390173259638
86.3800218764344 6.377918130831753
84.31887792583576 10.041475697250444
82.25773397523713 14.442058742724237
80.19659002463848 12.322134370464477
78.13544607403985 9.164787875464299
76.0743021234412 13.738691424003209
74.01315817284257 11.457430746925583
71.95201422224392 10.178464538700181
69.89087027164528 8.761222839166603
67.82972632104665 6.14999948459981
65.768582370448 1.9763128556828935
63.70743841984936 6.860658228186707
61.64629446925072 11.602561814273637
59.585150518652085 4.406993620517537
57.52400656805344 12.089169567872728
55.462862617454796 3.5008479001665096
53.401718666856155 7.034446813191543
51.340574716257514 11.175144793170718
49.27943076565888 14.967157630580063
47.21828681506024 9.61201006837753
45.1571428644616 4.503286024221962
43.095998913862964 5.36130118226413
41.03485496326432 7.0089722756773405
38.973711012665675 13.757661064918631
36.91256706206703 2.9599568071713858
34.85142311146839 4.502332857480622
32.79027916086975 7.228712534315807
30.729135210271114 7.26555709065796
28.667991259672473 8.005194865515808
26.606847309073835 9.153325691568952
24.545703358475187 8.184411584071244
22.484559407876546 7.145121075325524
20.42341545727791 15.486902796503815
18.362271506679267 6.386008795267852
16.301127556080626 12.644464299991405
14.239983605481985 17.381641554589777
12.178839654883344 6.997442430232797
10.117695704284703 23.040643278011345
8.056551753686062 16.975365565889156
5.995407803087422 26.526562710605475
3.9342638524887814 43.09175243028001
1.8731199018901403 67.46103113417635
-0.1880240487085003 81.47086333024069
-2.2491679993071414 73.97490454528995
-4.310311949905782 70.11696713015407
-6.371455900504423 77.01767105623017
-8.432599851103063 69.76662935659986
-10.493743801701704 75.42581237303118
-12.554887752300345 74.52630646370298
-14.616031702898985 74.23676251366153
-16.677175653497628 62.73315742931122
-18.73831960409627 67.86888126794248
-20.799463554694906 48.87897758735497
-22.860607505293547 30.86799576286631
-24.92175145589219 34.08487511265212
-26.98289540649083 30.54888373910361
-29.044039357089467 39.20869225526126
-31.105183307688108 39.23353720783687
-33.16632725828675 41.27119851230699
-35.22747120888539 42.37704192351397
-37.28861515948403 47.13456833502975
-39.34975911008267 50.2032046444234
-41.41090306068131 51.246151972612175
-43.472047011279955 52.25603771621148
-45.533190961878596 56.55977795111685
-47.59433491247724 60.871821119367524
-49.65547886307588 62.40785577311282
-51.71662281367452 68.17528901042054
-53.77776676427316 73.83725162959169
-55.8389107148718 71.8453775220323
-57.90005466547045 68.65191640680325
-59.96119861606909 74.39518939168372
-62.02234256666773 74.45578609311579
-64.08348651726637 67.41271004515978
-66.144630467865 60.35534262259787
-68.20577441846366 59.8961105180799
-70.2669183690623 58.47636886303655
-72.32806231966093 40.81091614221903
-74.38920627025958 33.812643269213325
-76.45035022085821 25.521032103616715
-78.51149417145686 26.280907674284553
-80.5726381220555 31.755078392888535
-82.63378207265414 32.9341939516084
-84.69492602325278 32.47772613817392
-86.75606997385141 37.48924325777054
-88.81721392445006 24.344445851960305
-90.87835787504869 33.50260402430972
-92.93950182564734 32.123818939645155
-95.00064577624597 23.857822118462096
-97.06178972684462 26.534519942710855
-99.12293367744324 23.16013799103833
-101.18407762804189 27.186812460973158
-103.24522157864052 26.47594008706009
-105.30636552923916 16.477593822362305
-107.36750947983782 24.54117192215131
-109.42865343043646 19.78065105917899
-111.4897973810351 23.23985739411313
-113.55094133163374 17.13233682704679
-115.61208528223239 10.51834829888136
-117.67322923283102 10.268024735851775
-119.73437318342965 14.265945938336749
-121.7955171340283 15.085577454077917
-123.85666108462694 13.807288602612028
-125.91780503522558 13.94646623776523
-127.97894898582422 7.969530608234345
-130.04009293642287 12.253933833354173
-132.10123688702149 13.575728771928217
-134.16238083762016 10.916961724059677
-136.22352478821878 16.451514327674
-138.28466873881743 10.274883082776794
-140.34581268941605 1.7651591898120602
-142.40695664001473 13.18310287037853
-144.46810059061335 1.7940097992090567
-146.529244541212 5.182154845696686
-148.59038849181061 10.314006848968177
-150.65153244240926 9.092651795055934
-152.7126763930079 12.224924966395161
-154.77382034360656 11.195966598941945
-156.83496429420518 3.1177442392941894
-158.89610824480383 9.591423018489923
-160.95725219540245 18.034590940425822
-163.01839614600112 7.747826073085948
-165.07954009659977 10.333279250972058
-167.1406840471984 15.26630210654553
-169.20182799779704 7.538206502787128
-171.2629719483957 6.718125964792187
-173.32411589899434 8.752232925452294
-175.38525984959296 6.23345477862767
-177.4464038001916 15.483729283436357
-179.50754775079022 5.634170359367528
-181.5686917013889 10.852902544665286
-183.62983565198752 13.645565675777103
-185.69097960258617 5.907533728609762
-187.7521235531848 10.176656938402756
-189.81326750378344 7.306184923835695
-191.87441145438208 8.303604435467946
-193.93555540498073 16.458977452367822
-195.99669935557935 7.293591378489931
-198.057843306178 9.009134438995364
-200.11898725677665 5.866205596732421
-202.1801312073753 3.624279388736432
-204.24127515797394 12.005890986931735
-206.30241910857256 19.197744571052198
-208.3635630591712 10.277212495087449
-210.42470700976986 11.172594043354332
-212.4858509603685 10.542318400999676
-214.54699491096713 8.381743165512301
-216.60813886156578 7.377570984571523
-218.6692828121644 12.386436443555702
-220.73042676276307 15.133582544218273
-222.7915707133617 12.496849651620726
-224.85271466396034 18.750282908111632
-226.91385861455896 12.874384507662253
-228.9750025651576 13.934259539404835
-231.03614651575626 15.756380556727846
-233.0972904663549 11.261960863990183
-235.15843441695353 3.3316871690234273
-237.21957836755217 13.54537343367802
-239.28072231815082 13.947520740090397
-241.34186626874947 12.925611022653623
-243.40301021934812 14.159672271422389
-245.46415416994674 16.455597089792818
-247.5252981205454 5.6859327772025345
-249.58644207114403 6.061330128056531
-251.64758602174268 14.117301989068743
-253.7087299723413 18.920213065692742
-255.76987392293995 17.78738487200436
-257.8310178735386 10.2266135263716
-259.89216182413725 15.640786870004106
