# BEGINHEADER
# This file contains data from the SALSA 2m radio telescope.
# DATE=2024-11-26T23:35:0016
# GLON and GLAT given in degrees
# GLON=179.7768601926411
# GLAT=-0.30163887579582876
# DATA in two columns below. Col. 1 is velocity relative to LSR [km/s]. Col. 2 is uncalibrated antenna temperature [K].
# ENDHEADER
265.75743439947803 8.614465751302655
263.6962904488794 16.812035233798774
261.63514649828073 14.50590252572002
259.5740025476821 13.726135433192164
257.51285859708344 10.093052849376193
255.4517146464848 13.392693782913549
253.39057069588617 19.071651049767603
251.32942674528752 17.600209914872472
249.2682827946889 12.698946361370265
247.20713884409022 16.187711142234225
245.1459948934916 16.050473230784213
243.08485094289296 14.193453400332464
241.02370699229434 23.64067325120115
238.96256304169566 16.63863081329978
236.90141909109704 20.369775537100026
234.8402751404984 12.199017600264801
232.77913118989974 11.767157530046752
230.71798723930112 11.7575828653173
228.65684328870245 10.537869921265893
226.59569933810383 12.411956075826431
224.53455538750518 12.085381431049813
222.47341143690656 11.061159847149085
220.4122674863079 9.557897451324001
218.35112353570926 13.587819663711544
216.28997958511061 12.771478741430695
214.228835634512 8.831995246745524
212.16769168391335 8.330326053304308
210.1065477333147 11.637285785696193
208.04540378271605 9.129646351275856
205.98425983211743 17.16899539073581
203.92311588151878 13.586419548806646
201.86197193092016 15.017344400749751
199.8008279803215 20.153068560328112
197.73968402972287 10.99941443378992
195.67854007912422 16.90250263616027
193.61739612852557 9.573316565688604
191.55625217792695 8.892453300347205
189.49510822732827 12.042658678716283
187.43396427672965 15.498277619743156
185.372820326131 15.308135549252105
183.3116763755324 11.066279931404438
181.25053242493374 11.876660061200598
179.1893884743351 15.680213484705607
177.12824452373644 8.695992399525407
175.06710057313782 2.9770069742375465
173.00595662253917 13.340870517283737
170.94481267194053 14.110967463879044
168.88366872134188 3.5138677832425445
166.82252477074326 6.818424602320381
164.7613808201446 17.55634405203352
162.700236869546 12.589886411481414
160.6390929189473 13.63502187708535
158.5779489683487 12.575243121604307
156.51680501775004 16.002368604883802
154.4556610671514 4.975985473872743
152.39451711655278 8.616644540889594
150.3333731659541 16.40989177154267
148.27222921535548 7.4874278229679545
146.21108526475683 4.611637123620618
144.1499413141582 11.046978566732163
142.08879736355954 15.680876056289721
140.02765341296092 19.016720476779714
137.96650946236227 14.760850858591656
135.90536551176365 2.314268398820859
133.844221561165 5.993955466256732
131.78307761056635 15.161189644882294
129.7219336599677 12.338093558460569
127.66078970936907 9.840040080344025
125.59964575877044 7.273037880964189
123.53850180817179 4.42412947704109
121.47735785757315 13.415296446468906
119.4162139069745 6.066494466053527
117.35506995637587 8.835514355970952
115.29392600577722 10.170659006567915
113.23278205517859 12.76644741065697
111.17163810457996 12.80379540439452
109.1104941539813 9.29075939571214
107.04935020338267 5.139562956294166
104.98820625278402 8.654017746879735
102.92706230218539 14.86254227223045
100.86591835158674 9.973715507501593
98.8047744009881 14.302535162779849
96.74363045038946 7.851941446895599
94.68248649979081 5.899196275569074
92.62134254919218 10.088942241591075
90.56019859859353 7.179797155475484
88.4990546479949 5.515011026081921
86.43791069739625 11.671043783759215
84.37676674679761 14.866441990549731
82.31562279619898 9.124695441998275
80.25447884560033 8.574661557088818
78.1933348950017 12.299459935288374
76.13219094440305 16.427630575105546
74.07104699380442 10.554015038962898
72.00990304320577 8.87301435859268
69.94875909260713 14.506904356111736
67.8876151420085 7.908390869533337
65.82647119140985 15.766653087148116
63.76532724081121 15.390701568892055
61.70418329021257 13.854792293058114
59.64303933961393 16.604107102367223
57.58189538901529 8.752476884027695
55.520751438416646 9.33660156003942
53.459607487818005 14.914368432684062
51.39846353721936 11.646941756865932
49.33731958662072 11.32007445105164
47.27617563602208 8.146384963338956
45.21503168542345 8.979397280716745
43.153887734824806 12.266029439453034
41.092743784226165 14.30717652523399
39.031599833627524 18.417881831183536
36.97045588302888 14.183328160368312
34.90931193243024 6.162934283714545
32.84816798183161 16.741239932761214
30.78702403123296 11.616370137305452
28.725880080634322 13.858503346019846
26.664736130035678 12.269668254387481
24.603592179437037 12.268146741416205
22.542448228838396 19.944760100386777
20.481304278239758 19.306841337734305
18.420160327641117 25.77173804236565
16.359016377042476 21.942784693334886
14.297872426443833 44.19966764655459
12.236728475845192 54.90163580972687
10.17558452524655 90.26989934759281
8.114440574647912 99.94606412389643
6.0532966240492705 121.92871842141044
3.99215267345063 119.5854509762446
1.9310087228519885 136.58018534463542
-0.13013522774665204 128.15948850481632
-2.191279178345293 128.0619111271216
-4.252423128943933 134.2888674614829
-6.313567079542575 127.72141521673085
-8.374711030141215 104.21852982547539
-10.435854980739856 87.9046049409481
-12.496998931338496 76.48048102133457
-14.558142881937137 69.3823872259401
-16.619286832535778 58.57539337412881
-18.68043078313442 40.897394415274064
-20.741574733733056 37.01428108474445
-22.8027186843317 24.74880474533702
-24.863862634930342 20.267234241013632
-26.92500658552898 14.320907161572494
-28.98615053612762 16.794928192616357
-31.047294486726265 17.155620559170377
-33.10843843732491 18.82081267224909
-35.16958238792355 14.971931541731475
-37.23072633852218 19.988869281900968
-39.29187028912082 16.81895744294002
-41.353014239719464 6.8442121085707175
-43.414158190318105 17.503360905768435
-45.47530214091675 15.517532317665777
-47.536446091515394 14.32611762086766
-49.597590042114035 6.324272057701399
-51.658733992712676 14.017047167167645
-53.71987794331132 23.25476457022145
-55.78102189390996 13.549364449100114
-57.8421658445086 10.070912563317382
-59.90330979510724 8.51338726383638
-61.964453745705875 13.211158949577488
-64.02559769630452 20.030346574447236
-66.08674164690316 10.263714495852247
-68.1478855975018 10.009350487838006
-70.20902954810045 22.02015400269314
-72.27017349869908 2.644987256575618
-74.33131744929773 8.154684979667596
-76.39246139989636 2.069384080701853
-78.45360535049501 10.720530218755613
-80.51474930109364 12.275219921630722
-82.57589325169228 10.26677172762962
-84.63703720229093 6.905009960120553
-86.69818115288956 13.904467733551435
-88.75932510348821 8.605282967873165
-90.82046905408684 -0.9245992850750404
-92.88161300468549 6.6315811653231584
-94.94275695528414 10.453123102720825
-97.00390090588277 16.198169799906875
-99.06504485648142 14.305300315423423
-101.12618880708006 9.083731622570093
-103.1873327576787 7.396858997438163
-105.24847670827734 13.058332167806258
-107.30962065887599 2.229604505536284
-109.37076460947462 10.200012908682824
-111.43190856007325 9.088142597856605
-113.4930525106719 11.99143285909065
-115.55419646127054 9.545411960924236
-117.61534041186918 9.435631258890957
-119.67648436246782 16.072370728063415
-121.73762831306647 7.701557561694819
-123.7987722636651 7.377761742938908
-125.85991621426373 10.82626579902639
-127.92106016486238 8.714788664988975
-129.98220411546103 3.4954312375518173
-132.04334806605968 5.938380332708751
-134.1044920166583 15.364820086480256
-136.16563596725695 12.801763313063647
-138.22677991785557 12.409587935969475
-140.28792386845424 12.937541231220981
-142.34906781905286 13.091517293109515
-144.4102117696515 11.08912237962421
-146.47135572025013 16.36684645520813
-148.5324996708488 11.301497966194036
-150.59364362144743 8.336654153712598
-152.65478757204608 7.456041919966043
-154.71593152264472 13.503708701768643
-156.77707547324334 6.582319981613629
-158.83821942384202 6.313592425999034
-160.89936337444064 5.683430236530767
-162.9605073250393 16.609565852662996
-165.0216512756379 12.483117815773443
-167.08279522623656 3.7020426169005476
-169.1439391768352 9.420819811869093
-171.20508312743385 9.85639788896299
-173.26622707803247 12.379721287241614
-175.32737102863112 9.741473015134583
-177.38851497922977 12.341598401274611
-179.44965892982842 3.8663628785689386
-181.51080288042704 9.594662861974946
-183.57194683102568 11.286563258897113
-185.6330907816243 10.436235468921398
-187.69423473222298 9.432267544579224
-189.7553786828216 4.5476621910109705
-191.81652263342025 8.570114998372496
-193.8776665840189 8.752034984956074
-195.93881053461752 16.463487351665012
-197.9999544852162 10.369753766552451
-200.0610984358148 10.956345472192506
-202.12224238641346 16.187791812556796
-204.18338633701208 8.483880552557297
-206.24453028761073 5.788910566434309
-208.30567423820938 10.90683023399029
-210.36681818880803 10.252725828865733
-212.42796213940665 13.007023252523345
-214.4891060900053 13.394871260952048
-216.55025004060394 6.486120894566438
-218.6113939912026 6.461061536290563
-220.6725379418012 13.812395149461974
-222.73368189239986 13.60981573413959
-224.79482584299848 7.602551900505511
-226.85596979359715 11.086233351173863
-228.9171137441958 9.031789768068602
-230.97825769479442 17.372329452653982
-233.03940164539307 14.884638500758221
-235.1005455959917 12.761080218970688
-237.16168954659037 16.651403110525038
-239.222833497189 13.569949923317632
-241.28397744778763 9.458944887432333
-243.34512139838625 12.059990627445474
-245.40626534898493 13.481208628299392
-247.46740929958355 16.51339230733037
-249.5285532501822 15.54645850436089
-251.58969720078082 15.19482190885256
-253.65084115137947 17.073912657793198
-255.71198510197812 13.312972165652873
-257.77312905257673 7.784739229321809
-259.8342730031754 12.270931105011767
