# BEGINHEADER
# This file contains data from the SALSA 2m radio telescope.
# DATE=2024-11-26T23:32:0023
# GLON and GLAT given in degrees
# GLON=159.8173061786273
# GLAT=-0.26306127652114447
# DATA in two columns below. Col. 1 is velocity relative to LSR [km/s]. Col. 2 is uncalibrated antenna temperature [K].
# ENDHEADER
265.84159870848123 4.65256117174999
263.7804547578826 21.325979197941795
261.71931080728393 11.802643114561967
259.6581668566853 6.815407932811652
257.5970229060867 6.020767115587376
255.53587895548804 14.113894898391917
253.47473500488937 7.561848423013657
251.41359105429075 9.843164635157533
249.3524471036921 21.308879338047507
247.29130315309348 7.727308754415434
245.23015920249483 15.852396891749223
243.16901525189618 16.261349306131503
241.10787130129754 15.259200496383329
239.04672735069892 12.351392469084137
236.98558340010027 14.856159738197583
234.92443944950165 12.080734742134657
232.86329549890297 13.344504268250844
230.80215154830435 15.436914095590422
228.7410075977057 14.400463383338062
226.67986364710706 14.335055730471597
224.61871969650844 13.577715360172279
222.55757574590976 18.764650555030997
220.49643179531114 7.442270289993396
218.4352878447125 18.86794218004302
216.37414389411387 17.84861608342088
214.3129999435152 18.523342432450793
212.25185599291657 24.06367563556147
210.19071204231793 15.670663201180206
208.1295680917193 14.684175368746953
206.06842414112066 17.592254509889678
204.007280190522 14.665122893222728
201.94613623992336 5.82288453584686
199.88499228932474 16.3119987502888
197.82384833872612 10.637768895790044
195.76270438812747 11.571489510203822
193.70156043752883 13.202965868612909
191.6404164869302 16.077130282382598
189.57927253633156 13.738115931849649
187.51812858573288 14.808363464362953
185.45698463513426 13.85073305056279
183.3958406845356 12.813475360016598
181.334696733937 9.719053678431367
179.27355278333835 21.591989920119158
177.2124088327397 14.805385039232906
175.15126488214105 16.879967600038913
173.09012093154243 17.953760035263016
171.02897698094378 13.399331828245684
168.96783303034516 11.018810555947038
166.90668907974649 9.576302075918923
164.84554512914787 15.218540660329737
162.78440117854922 16.12556349234993
160.7232572279506 17.4165547002057
158.66211327735192 11.053321912941081
156.6009693267533 17.36810525442499
154.53982537615465 17.43259923003584
152.47868142555603 19.799035148522222
150.41753747495738 17.85765689365709
148.3563935243587 15.44090542742425
146.2952495737601 14.805132786701314
144.23410562316144 10.582115400311729
142.17296167256282 2.2885541102491325
140.11181772196417 11.045662661545386
138.05067377136552 2.5038607404084017
135.98952982076688 9.745098279770643
133.92838587016826 15.540868606870916
131.8672419195696 10.826977489860056
129.80609796897096 17.285471245768797
127.74495401837233 18.218637543038472
125.68381006777368 16.65523045792741
123.62266611717504 9.701684431626184
121.5615221665764 16.321259533057955
119.50037821597776 10.87307814255143
117.43923426537911 10.61902867768117
115.37809031478048 8.079928566816747
113.31694636418185 16.93849942143864
111.2558024135832 8.67578158380696
109.19465846298456 12.076924022549921
107.13351451238591 15.101657201636542
105.07237056178728 7.48097647978418
103.01122661118863 10.502693844975639
100.95008266059 13.015661970491285
98.88893870999136 14.227909908764019
96.82779475939272 7.98297598446889
94.76665080879408 12.981857985966656
92.70550685819543 19.28563484185964
90.64436290759679 20.769268622236265
88.58321895699814 14.288889249176755
86.5220750063995 9.876428090689407
84.46093105580087 13.31660023777829
82.39978710520222 11.149847768476839
80.33864315460359 7.881582456644238
78.27749920400494 16.82980604221242
76.2163552534063 16.862036255403765
74.15521130280766 3.912113752973976
72.09406735220902 13.487048617272139
70.03292340161039 16.704586815183745
67.97177945101174 9.571010602420893
65.91063550041311 13.20954043951294
63.849491549814466 10.417311338248103
61.78834759921582 13.758127771887672
59.72720364861718 17.078671627541297
57.666059698018536 16.232551796757043
55.604915747419895 15.539424847385845
53.543771796821254 11.526176414081492
51.48262784622262 13.583719287977916
49.42148389562397 13.16671007544684
47.36033994502533 11.858843309382241
45.29919599442669 16.379173493952006
43.23805204382804 17.635943562377435
41.17690809322941 14.38514843958856
39.115764142630766 13.192263553181846
37.054620192032125 8.91728374335616
34.993476241433484 7.700383814978778
32.93233229083484 14.581492783829153
30.871188340236206 18.220251919922596
28.81004438963756 10.679842961488946
26.74890043903892 14.350223144836866
24.687756488440282 21.72896214300986
22.626612537841645 13.837390503724135
20.565468587243004 10.782148499759764
18.50432463664436 23.60954571573111
16.443180686045718 23.875088506533235
14.38203673544708 11.901530739065839
12.320892784848436 27.823845375195
10.259748834249796 25.318669236268157
8.198604883651157 40.168948364553465
6.137460933052514 59.76399899847918
4.076316982453874 60.977455221600316
2.0151730318552334 61.51803102873345
-0.04597091874340727 63.64941909298332
-2.1071148693420483 71.47749731509106
-4.168258819940689 79.52092648573446
-6.22940277053933 90.67510139872122
-8.290546721137972 84.1357245172887
-10.35169067173661 84.60138887653214
-12.412834622335252 91.43757901637325
-14.473978572933891 87.31890950832812
-16.535122523532532 89.86486799090738
-18.59626647413117 92.4296912392508
-20.657410424729814 98.1678945679424
-22.718554375328456 86.34806272311755
-24.779698325927097 87.80187548474606
-26.840842276525738 90.51784071717668
-28.901986227124382 83.37212207422338
-30.96313017772302 79.69754564899108
-33.02427412832166 88.96068510812266
-35.085418078920306 79.2298054911465
-37.14656202951895 59.483853538022174
-39.20770598011759 57.72647187353854
-41.26884993071622 46.861271517770575
-43.32999388131486 42.80835373296441
-45.391137831913504 37.89935130069194
-47.452281782512145 32.89919101410476
-49.513425733110786 32.2356145625391
-51.57456968370942 30.887427381932877
-53.63571363430807 19.38470063260849
-55.69685758490671 20.789853756563566
-57.75800153550535 25.789353911341944
-59.819145486103984 25.881480110303297
-61.880289436702625 19.072441474196165
-63.94143338730127 18.744112207870476
-66.00257733789991 19.54625187564079
-68.06372128849856 10.845563406764272
-70.12486523909719 6.969023046724593
-72.18600918969584 25.073178619936478
-74.24715314029447 7.922593404235795
-76.30829709089312 15.88338213415348
-78.36944104149175 14.280966546916938
-80.43058499209039 11.8690222496498
-82.49172894268904 20.219685976526332
-84.55287289328767 12.949782964021717
-86.61401684388632 11.669002559796695
-88.67516079448495 14.927815233170621
-90.7363047450836 17.29379194523588
-92.79744869568223 14.974808655125841
-94.85859264628087 8.835167940350836
-96.91973659687952 9.205264791606474
-98.98088054747815 12.918900128299052
-101.0420244980768 10.10896583730349
-103.10316844867545 14.433998483041666
-105.1643123992741 6.423997327187499
-107.22545634987273 12.033467103833871
-109.28660030047136 8.589324605322101
-111.34774425107001 14.940546792214445
-113.40888820166865 10.302048975131257
-115.4700321522673 8.636399508119332
-117.53117610286593 18.442873112689345
-119.59232005346458 13.463941130180213
-121.65346400406321 15.781943555683762
-123.71460795466184 8.116708024171732
-125.77575190526049 3.3310867107006357
-127.83689585585913 11.279978818252545
-129.89803980645777 8.686060168720026
-131.95918375705642 11.903224637699855
-134.02032770765507 7.079776447339302
-136.0814716582537 12.653286095894332
-138.14261560885234 9.831272340246553
-140.20375955945096 6.309898081015592
-142.26490351004963 17.839940772809154
-144.32604746064825 7.8809289233128945
-146.3871914112469 2.4066383150307753
-148.44833536184552 8.186209854971768
-150.50947931244417 12.87155176051002
-152.57062326304282 8.016817185620962
-154.63176721364147 8.52469745194743
-156.6929111642401 17.76176132668872
-158.75405511483874 13.109575478484349
-160.8151990654374 18.225959609848505
-162.87634301603603 8.61480957366181
-164.93748696663468 13.246665331777287
-166.9986309172333 6.643594268975458
-169.05977486783195 12.030699040596529
-171.1209188184306 18.34412676111989
-173.18206276902924 14.512764824254685
-175.24320671962786 11.440959422223242
-177.3043506702265 11.310086773682258
-179.36549462082513 12.780068807935528
-181.4266385714238 14.81522831941492
-183.48778252202243 17.12300565145259
-185.54892647262108 13.980414547923047
-187.6100704232197 8.345791141495207
-189.67121437381834 14.369682303225398
-191.732358324417 10.994516761845933
-193.79350227501564 13.59790049889578
-195.85464622561426 17.031445877766593
-197.9157901762129 8.109949456608973
-199.97693412681159 12.674175489308869
-202.03807807741023 10.080277415188515
-204.09922202800888 6.45129371139698
-206.1603659786075 11.793459950503557
-208.22150992920615 19.843787368051384
-210.28265387980477 8.114193634742147
-212.34379783040345 16.717438570911625
-214.40494178100207 9.999358537853954
-216.4660857316007 6.085839416184708
-218.52722968219933 9.433401379540271
-220.58837363279798 15.54068244933588
-222.64951758339663 12.785609423714732
-224.71066153399528 16.042474568667053
-226.7718054845939 22.221366829449938
-228.83294943519255 15.318755396233145
-230.8940933857912 13.46604506613801
-232.95523733638984 9.814133688496526
-235.01638128698846 16.667064408579858
-237.0775252375871 14.531710517492717
-239.13866918818576 9.385783925813088
-241.1998131387844 12.001267549461526
-243.26095708938306 18.782143338170368
-245.32210103998167 14.448863532447035
-247.38324499058032 9.414276421740519
-249.44438894117894 13.64495594422899
-251.50553289177762 7.803305266238832
-253.56667684237624 20.3626684716785
-255.6278207929749 13.28994846642484
-257.68896474357354 8.314966644719206
-259.7501086941721 18.74587630862627
