# BEGINHEADER
# This file contains data from the SALSA 2m radio telescope.
# DATE=2024-11-26T23:07:0023
# GLON and GLAT given in degrees
# GLON=59.8520204923668
# GLAT=0.15152501135811972
# DATA in two columns below. Col. 1 is velocity relative to LSR [km/s]. Col. 2 is uncalibrated antenna temperature [K].
# ENDHEADER
264.9714626215149 8.581095616068026
262.9103186709162 13.703599167843763
260.8491747203176 9.630146314824586
258.78803076971894 18.824372340696208
256.7268868191203 12.680280451236749
254.66574286852168 14.925296098991291
252.604598917923 7.569497664317982
250.54345496732438 16.405986120586853
248.48231101672573 14.05934553737329
246.42116706612708 12.505514972026265
244.36002311552846 20.78653997239668
242.2988791649298 7.772846815188499
240.23773521433117 15.97319509346047
238.17659126373252 6.495470021014889
236.1154473131339 1.930818163601282
234.05430336253522 9.778867552864588
231.9931594119366 13.268604707303203
229.93201546133795 10.062910969901518
227.87087151073933 14.09505819257944
225.8097275601407 8.686476278046031
223.74858360954204 6.126817654741418
221.6874396589434 10.496037641800486
219.62629570834477 7.889200114307532
217.56515175774612 7.122903350626646
215.5040078071475 12.785499440866454
213.44286385654883 12.55583492201752
211.38171990595018 10.895529821685184
209.32057595535156 9.937671274173251
207.2594320047529 9.86050864926594
205.19828805415426 7.315060600427699
203.1371441035556 7.969417214532832
201.076000152957 11.367504339877497
199.01485620235835 9.658570415711495
196.95371225175973 16.043540586316695
194.89256830116108 12.88527051758156
192.83142435056246 15.79329281427498
190.7702803999638 10.820605062692628
188.7091364493652 12.712864612493957
186.6479924987665 14.97544808270198
184.5868485481679 11.738048793607625
182.52570459756924 2.559953149448634
180.46456064697063 6.06399610896235
178.40341669637195 12.605169291478248
176.34227274577333 8.611815190055864
174.28112879517468 8.639674841238566
172.21998484457606 9.56215726828969
170.1588408939774 12.990178459572276
168.09769694337874 5.643067144691301
166.03655299278012 16.827314605161746
163.97540904218147 12.659066127069554
161.91426509158285 4.52077326108102
159.8531211409842 10.33452679771953
157.79197719038555 14.008719246772532
155.7308332397869 11.608111382433622
153.66968928918828 11.455270570395147
151.60854533858964 21.635770882570142
149.547401387991 8.517282396285857
147.48625743739234 8.018650378162157
145.42511348679372 1.0704340917642539
143.36396953619507 11.606883281304949
141.30282558559645 3.9523954521429046
139.24168163499778 19.75825734060138
137.18053768439916 13.519910673022814
135.1193937338005 12.85745048958506
133.0582497832019 4.931669372217497
130.9971058326032 4.851436774559136
128.9359618820046 11.03744473042471
126.87481793140594 5.455416277306267
124.81367398080731 13.360316742798208
122.75253003020866 8.787152495629595
120.69138607961003 13.32986262990602
118.63024212901139 16.925843052440285
116.56909817841274 7.3432853663970725
114.50795422781411 13.43700549549467
112.44681027721545 11.727177570988374
110.38566632661681 11.990856822792342
108.32452237601817 14.574508679597788
106.26337842541953 6.925179355276619
104.2022344748209 19.090069433200593
102.14109052422225 10.22032114248651
100.07994657362362 11.825190562674447
98.01880262302497 10.374342178454318
95.95765867242633 11.346632630019412
93.89651472182769 14.036432431589054
91.83537077122905 6.332938652017933
89.77422682063042 9.672623047880556
87.71308287003177 9.678750037187838
85.65193891943314 6.506664749560972
83.59079496883449 14.26683141706967
81.52965101823585 10.519338924426016
79.46850706763722 7.926771512703397
77.40736311703857 10.381916520319956
75.34621916643994 14.079502864877629
73.28507521584127 9.798221346572358
71.22393126524264 -0.37755611623002405
69.16278731464399 9.687569180852458
67.10164336404536 12.81059204775767
65.04049941344672 10.568634901252539
62.979355462848076 14.518177581879405
60.918211512249435 11.663823577364827
58.8570675616508 2.290955683560645
56.79592361105216 7.858249948477511
54.73477966045352 12.919005076376898
52.67363570985488 15.310991026501862
50.61249175925624 -0.38422791663294326
48.55134780865759 6.729958465473684
46.490203858058955 10.186494009303814
44.42905990746031 11.232139902759986
42.367915956861665 12.144326973399165
40.306772006263024 18.35087006830455
38.24562805566438 15.807944812137755
36.18448410506574 10.672394473723838
34.12334015446711 12.186437828109522
32.06219620386846 19.664825083020975
30.001052253269823 23.958506362166574
27.93990830267118 26.634549884668594
25.87876435207254 28.062519159345904
23.817620401473903 28.147868140435733
21.756476450875265 32.70641973556356
19.69533250027662 26.999504239901036
17.63418854967798 19.681058875926603
15.57304459907934 23.635368003500034
13.5119006484807 37.64961961495954
11.450756697882056 34.31701152781342
9.389612747283417 35.38667928229324
7.328468796684775 29.589148264772458
5.267324846086134 36.253354404395786
3.2061808954874937 31.226259873501526
1.1450369448888533 31.053128010508093
-0.9161070057097875 28.025897956828178
-2.9772509563084286 17.637539433016414
-5.03839490690707 16.487481332887217
-7.09953885750571 16.505111216574832
-9.160682808104351 22.543233785344
-11.221826758702992 27.428041424031843
-13.282970709301631 14.592441293223066
-15.344114659900272 19.902317894937354
-17.405258610498915 19.05830441395459
-19.466402561097553 14.92736642886139
-21.527546511696194 4.050100624162713
-23.588690462294835 13.126478661224278
-25.649834412893476 21.235227642204453
-27.71097836349212 17.37075575255544
-29.772122314090762 18.110007667331598
-31.8332662646894 6.428933936086671
-33.89441021528805 9.682174083993193
-35.95555416588668 9.381789315781264
-38.01669811648532 19.51024672277516
-40.077842067083964 5.875238600274507
-42.138986017682605 2.1798298429760155
-44.200129968281246 8.704717719148164
-46.26127391887989 15.868316503291318
-48.32241786947853 7.783228300636691
-50.38356182007716 11.900611860073747
-52.4447057706758 10.211194802646459
-54.505849721274444 10.868207100562318
-56.566993671873085 19.8687274237952
-58.628137622471726 22.835473083881336
-60.68928157307037 17.89626156100206
-62.75042552366901 19.09906605562305
-64.81156947426766 18.524413230135426
-66.87271342486629 18.112280421685988
-68.93385737546492 25.20265643837321
-70.99500132606357 17.238878203547028
-73.0561452766622 12.707718851594713
-75.11728922726084 15.824661885329862
-77.17843317785949 16.38846484935429
-79.23957712845812 13.159308708385726
-81.30072107905679 15.178098665124173
-83.36186502965542 22.24176723012132
-85.42300898025407 9.55007467133813
-87.4841529308527 8.016754508363983
-89.54529688145134 7.732852051627379
-91.60644083204998 9.047527862031549
-93.66758478264862 10.384443239619065
-95.72872873324727 3.6885038929243685
-97.7898726838459 13.101125637733857
-99.85101663444455 14.597415805935208
-101.91216058504318 17.283178336445893
-103.97330453564182 11.794451321335254
-106.03444848624046 8.626896748217156
-108.0955924368391 12.992384886848653
-110.15673638743775 10.788142576813947
-112.21788033803638 3.4555188683049214
-114.27902428863501 10.43042033154682
-116.34016823923366 7.470714821613223
-118.4013121898323 5.830199034758734
-120.46245614043096 7.058320518271076
-122.52360009102959 14.900318542207257
-124.58474404162824 4.171463350530342
-126.64588799222687 4.187917735839855
-128.7070319428255 12.11206152688364
-130.76817589342414 5.020023604485878
-132.8293198440228 7.741851467061974
-134.89046379462144 13.854488912094215
-136.95160774522006 15.74891534615623
-139.0127516958187 3.3968179574079054
-141.07389564641738 8.499108575411872
-143.135039597016 10.880218944300735
-145.19618354761465 7.583107288947543
-147.25732749821327 13.429786779721358
-149.31847144881192 10.043274647524811
-151.37961539941057 3.9998222863556196
-153.44075935000922 10.77167656328806
-155.50190330060784 7.639343597955919
-157.56304725120648 20.60813177789013
-159.6241912018051 10.774902094563563
-161.68533515240378 3.5705057713434005
-163.7464791030024 11.970662417133182
-165.80762305360105 9.001436008365488
-167.86876700419967 8.985654848346954
-169.92991095479832 12.866287266759358
-171.99105490539696 9.910892985793973
-174.0521988559956 4.491360774179109
-176.11334280659423 10.961086366169841
-178.17448675719288 15.126731595676562
-180.23563070779156 4.061539491753395
-182.29677465839018 14.0443604268321
-184.35791860898883 15.134013381605548
-186.41906255958745 14.03014950808487
-188.4802065101861 12.568173636499433
-190.54135046078474 10.92783515103104
-192.6024944113834 9.788476807786132
-194.663638361982 -2.602272522305146
-196.72478231258066 14.561223190594472
-198.7859262631793 14.351142151707446
-200.84707021377795 4.206097766473502
-202.9082141643766 7.828682983659963
-204.96935811497525 8.291286557852992
-207.03050206557387 10.391166642386903
-209.09164601617252 1.419612854833145
-211.15278996677117 6.35426037697136
-213.21393391736981 6.625165023129808
-215.27507786796846 7.542525743457296
-217.33622181856708 10.320155451543622
-219.39736576916573 4.2133110001300675
-221.45850971976438 8.157158052882982
-223.51965367036303 17.84120637232334
-225.58079762096165 8.508980961322338
-227.6419415715603 13.07647497222683
-229.70308552215891 6.322711737753323
-231.7642294727576 15.169462740994167
-233.8253734233562 20.556204164660347
-235.88651737395486 8.439108878766609
-237.94766132455348 6.002055730683159
-240.00880527515213 11.649342654123249
-242.06994922575078 8.769470547558658
-244.13109317634942 3.0812312697716795
-246.19223712694804 6.643175662408196
-248.2533810775467 7.044528590902908
-250.31452502814534 13.480888867791801
-252.375668978744 8.242153116430067
-254.43681292934264 9.726566378055548
-256.4979568799413 16.230549185637926
-258.5591008305399 11.858295365075726
-260.6202447811386 15.764924615149233
