# BEGINHEADER
# This file contains data from the SALSA 2m radio telescope.
# DATE=2024-11-26T23:35:0032
# GLON and GLAT given in degrees
# GLON=179.7937099158871
# GLAT=-0.300116044030039
# DATA in two columns below. Col. 1 is velocity relative to LSR [km/s]. Col. 2 is uncalibrated antenna temperature [K].
# ENDHEADER
265.75808316526866 6.58558902702197
263.69693921467007 12.48854802315184
261.63579526407136 11.483994847680849
259.57465131347277 14.408519647771396
257.5135073628741 11.110140525232913
255.45236341227547 13.0725838663519
253.39121946167685 13.427355364225996
251.33007551107818 13.790882398947138
249.26893156047956 11.975249894221363
247.2077876098809 16.542181707352047
245.1466436592823 20.012360869502945
243.08549970868364 10.276191780907592
241.02435575808497 14.054892898868017
238.96321180748635 11.355151365166517
236.9020678568877 11.866219919329282
234.84092390628908 13.664230022694355
232.7797799556904 12.12346155877447
230.71863600509178 12.140413982001556
228.65749205449313 12.865426887631887
226.5963481038945 11.689652832947603
224.53520415329587 11.546465464510023
222.47406020269722 13.982645705631665
220.41291625209857 11.954226803549444
218.35177230149995 15.156395374750346
216.2906283509013 15.675562364430231
214.22948440030268 12.296679531616142
212.168340449704 13.815928843537028
210.10719649910538 13.328106133908879
208.04605254850674 15.036485395676618
205.98490859790812 12.423465936510638
203.92376464730947 10.808736858547153
201.8626206967108 13.256231457935995
199.80147674611217 12.79298395455215
197.74033279551352 14.492702836618129
195.6791888449149 12.088943722281558
193.61804489431623 11.969604691483564
191.5569009437176 12.322186896153456
189.49575699311896 15.427729726040392
187.43461304252034 12.919341238719749
185.3734690919217 11.988909367450576
183.31232514132304 14.213565793366756
181.2511811907244 12.586962463275881
179.19003724012578 13.142727177589299
177.12889328952713 12.547618682060495
175.0677493389285 11.575914311507628
173.00660538832983 9.248595866559516
170.9454614377312 12.98708924112244
168.88431748713256 13.85914494796369
166.82317353653394 13.143950436042116
164.76202958593527 12.77861802388264
162.70088563533662 11.15126202172028
160.639741684738 12.419618082415427
158.57859773413935 12.079199114385837
156.51745378354073 10.88591421756937
154.45630983294205 12.830897580955185
152.39516588234343 12.565706675286021
150.3340219317448 12.307987831187015
148.27287798114617 12.695946750684714
146.21173403054752 11.2583669759781
144.15059007994887 10.559029782917657
142.08944612935022 12.597242706098982
140.0283021787516 12.21380820665647
137.96715822815295 11.882051902189975
135.9060142775543 12.914614643746592
133.84487032695566 11.630552464696741
131.78372637635704 13.101251027796177
129.7225824257584 14.197345466163158
127.66143847515974 13.124152447328846
125.60029452456111 11.82667842769529
123.53915057396246 10.719570393627212
121.47800662336383 11.715615831017113
119.41686267276519 13.062612885411905
117.35571872216654 12.100186069505643
115.29457477156791 11.992922292858404
113.23343082096926 11.848491226013477
111.17228687037063 14.16138889643308
109.11114291977198 12.335981170625502
107.04999896917334 12.02434017948162
104.9888550185747 12.577194953335395
102.92771106797605 11.881394057364014
100.86656711737741 13.247929627343183
98.80542316677877 11.763180856180671
96.74427921618012 13.637150703558424
94.68313526558148 11.301231512072858
92.62199131498284 11.252132348159721
90.5608473643842 12.375076804891515
88.49970341378555 10.83835739201148
86.43855946318692 11.872187013172324
84.37741551258829 11.354554631580971
82.31627156198964 12.573584203957727
80.255127611391 12.910351733394556
78.19398366079236 11.169980574908116
76.13283971019372 13.152622776528467
74.07169575959507 12.064312867149239
72.01055180899644 11.570403805559778
69.9494078583978 11.812138466877414
67.88826390779914 9.95355615834038
65.82711995720051 11.829154243088599
63.765976006601875 11.566700581128009
61.704832056003234 11.466023675520754
59.64368810540459 12.544636378447311
57.582544154805944 12.618444676044108
55.5214002042073 12.740155800074291
53.46025625360866 11.77062538208018
51.39911230301003 13.189488133541609
49.33796835241139 12.34812010175931
47.276824401812746 12.06004219403889
45.215680451214105 10.983053918571228
43.154536500615464 9.660662636146707
41.09339255001682 11.275487468213326
39.032248599418175 12.114795001149213
36.97110464881954 12.593262499465482
34.9099606982209 11.437633591793611
32.84881674762226 12.031721869302562
30.787672797023617 12.374934297746812
28.726528846424976 14.028842817238091
26.66538489582634 13.779399314824817
24.604240945227698 14.129117951465108
22.543096994629057 17.063505138977675
20.481953044030416 17.527756294288963
18.420809093431778 19.705200003243863
16.359665142833137 30.44978545424436
14.298521192234496 37.794240067565376
12.237377241635853 54.49799190653299
10.176233291037214 80.55420422978871
8.115089340438573 105.8752159949967
6.053945389839931 122.22892336504944
3.9928014392412896 125.90553005866772
1.9316574886426492 124.06827114821009
-0.12948646195599148 135.48520128724272
-2.1906304125546323 138.42646906932276
-4.251774363153273 132.43782377985488
-6.312918313751913 121.71743873344272
-8.374062264350554 106.09546605777885
-10.435206214949194 93.95429925507771
-12.496350165547836 81.8964698484106
-14.557494116146476 70.58114269045899
-16.618638066745117 56.74794200329941
-18.679782017343758 46.61365607947433
-20.7409259679424 36.29085193442252
-22.802069918541036 29.959267009073802
-24.863213869139685 23.44932568846024
-26.924357819738326 20.769088572677433
-28.985501770336963 19.320193229893793
-31.046645720935604 16.9874035609659
-33.10778967153424 16.18088497071738
-35.16893362213288 15.581764883583492
-37.230077572731524 14.64419452141954
-39.29122152333017 13.76832480269385
-41.35236547392881 13.144297819548585
-43.413509424527454 14.06301061781738
-45.47465337512609 12.6840039061546
-47.53579732572473 11.634328086945015
-49.59694127632337 11.691603545846803
-51.65808522692201 10.602237283269092
-53.71922917752065 11.314067436168667
-55.780373128119294 10.52610445922612
-57.84151707871794 10.340991971444195
-59.902661029316576 10.47018256339314
-61.96380497991522 9.038231080902417
-64.02494893051386 10.642748186228978
-66.08609288111249 11.818980380400031
-68.14723683171114 10.93529594767074
-70.20838078230977 8.614067566695155
-72.26952473290842 9.115370400347874
-74.33066868350706 9.998735699989634
-76.3918126341057 10.916486381365177
-78.45295658470434 10.256429638685193
-80.51410053530297 10.158252485235197
-82.57524448590162 10.2903761333143
-84.63638843650025 8.540774860870856
-86.69753238709892 10.242319966146379
-88.75867633769755 9.37246896969879
-90.8198202882962 8.232892333219619
-92.88096423889483 10.672112493779517
-94.94210818949347 11.76231568067254
-97.00325214009212 10.090207873274814
-99.06439609069075 11.058036564781641
-101.12554004128938 8.99418525104345
-103.18668399188802 11.097232453531761
-105.24782794248667 9.325054596757765
-107.3089718930853 10.555662912737692
-109.37011584368395 9.958779630857057
-111.43125979428258 10.219846493437462
-113.49240374488122 10.038850478559763
-115.55354769547986 9.42781784993617
-117.6146916460785 12.154499353666898
-119.67583559667715 8.933751788136982
-121.73697954727578 9.130237106154077
-123.79812349787443 10.685505152682026
-125.85926744847308 10.42366742056525
-127.92041139907171 10.288232813673618
-129.98155534967034 10.70522705376145
-132.042699300269 10.96067444739863
-134.1038432508676 11.767224685322546
-136.1649872014663 10.81807138587659
-138.2261311520649 9.674029550021938
-140.28727510266356 9.130174109974236
-142.34841905326218 10.937084633218197
-144.40956300386082 10.495985344831134
-146.4707069544595 10.936030854458316
-148.53185090505812 11.369317423763848
-150.59299485565677 10.564767780676645
-152.6541388062554 11.59086884360227
-154.71528275685407 10.588918541303592
-156.77642670745269 11.84955899859311
-158.83757065805133 11.59603088268235
-160.89871460864995 10.74621397207499
-162.9598585592486 10.049581937035134
-165.02100250984725 10.431507827325774
-167.0821464604459 9.324392472339355
-169.14329041104452 11.640549394347683
-171.20443436164317 13.539834108711098
-173.2655783122418 11.574494097463075
-175.32672226284046 9.828340507244508
-177.38786621343908 10.149775069715538
-179.44901016403773 12.399321195832421
-181.51015411463635 11.3807497331479
-183.571298065235 9.734069310171762
-185.63244201583367 11.288565535435911
-187.6935859664323 12.428788069331613
-189.75472991703094 11.101783323518523
-191.81587386762956 10.513294365898341
-193.87701781822824 10.849069624990223
-195.93816176882686 11.36210052905838
-197.9993057194255 11.139247910437108
-200.06044967002413 10.457585365347562
-202.12159362062278 12.994888307726102
-204.18273757122142 11.673288386145797
-206.24388152182007 11.85127284572498
-208.3050254724187 12.290027142046563
-210.36616942301734 11.708812947086026
-212.42731337361596 12.26005353141806
-214.48845732421464 11.861394287063687
-216.54960127481326 12.508276996783604
-218.6107452254119 11.512190590610313
-220.67188917601052 12.611331098499615
-222.7330331266092 13.105481890539762
-224.79417707720785 13.420391811397074
-226.85532102780647 12.887548617884137
-228.91646497840512 11.98003284356948
-230.97760892900374 10.451301363434688
-233.0387528796024 11.601513261235471
-235.09989683020103 12.415572458552765
-237.16104078079968 12.54154847217749
-239.2221847313983 13.736040601208883
-241.28332868199695 12.555103529617535
-243.3444726325956 13.64286263426363
-245.40561658319425 12.913751280895225
-247.46676053379286 13.159509677691224
-249.5279044843915 11.989858031092721
-251.58904843499016 14.167202980076672
-253.6501923855888 16.52501723118052
-255.71133633618743 13.66273082395221
-257.77248028678605 12.95142001409797
-259.8336242373847 13.539695559924628
