# BEGINHEADER
# This file contains data from the SALSA 2m radio telescope.
# DATE=2024-11-26T23:39:0031
# GLON and GLAT given in degrees
# GLON=199.85628085714458
# GLAT=-0.2967793409486614
# DATA in two columns below. Col. 1 is velocity relative to LSR [km/s]. Col. 2 is uncalibrated antenna temperature [K].
# ENDHEADER
265.5894632051183 7.071212350490188
263.52831925451966 15.24099423726061
261.467175303921 12.761550044657
259.40603135332236 14.758111298664373
257.34488740272377 14.31646299540646
255.28374345212512 15.732956208104808
253.22259950152645 14.083184771211357
251.16145555092783 12.843068265500737
249.10031160032918 12.63423378228962
247.03916764973056 15.593818527407988
244.97802369913188 16.79692171122762
242.91687974853326 12.424376663070932
240.8557357979346 14.709137686737023
238.794591847336 13.956272969035364
236.73344789673735 13.477476890270246
234.6723039461387 13.262583890663532
232.61115999554005 14.53715794259665
230.55001604494143 13.516506109847608
228.48887209434278 12.583859752282793
226.42772814374413 13.170670305555111
224.36658419314548 13.496994798458356
222.30544024254684 14.58063528223526
220.24429629194822 13.708732173069304
218.18315234134957 15.877614716322164
216.12200839075095 14.767362373630434
214.06086444015227 14.550173533327737
211.99972048955365 14.108836465610935
209.938576538955 12.646681061851433
207.87743258835638 14.209440835435924
205.8162886377577 13.776129928971875
203.7551446871591 13.579068468794807
201.69400073656044 15.389624128734713
199.63285678596182 13.796584846613154
197.57171283536314 12.64978943370447
195.51056888476452 15.672492931471586
193.44942493416585 13.012529286067238
191.3882809835672 12.806193937100542
189.32713703296858 13.823024899473777
187.26599308236993 14.191656315495486
185.2048491317713 13.304631228180831
183.14370518117263 13.642761898374442
181.08256123057402 13.296349206822969
179.02141727997537 12.826787148458006
176.96027332937675 14.003631585367867
174.8991293787781 14.746051780182524
172.83798542817945 13.629441595527691
170.7768414775808 12.399868803676794
168.71569752698218 12.934775019828816
166.65455357638353 14.695167718627486
164.5934096257849 14.185381507453775
162.53226567518624 15.34187458326821
160.47112172458762 13.643931620974989
158.40997777398897 13.836329876033334
156.34883382339035 14.417083906154785
154.28768987279167 13.877894313149044
152.22654592219303 14.523611278712846
150.1654019715944 13.4963092728591
148.10425802099576 11.841531330354439
146.04311407039714 12.795921996601958
143.98197011979846 12.096465984638451
141.92082616919984 12.75049491442681
139.8596822186012 12.894013111293411
137.79853826800257 13.346766094774628
135.7373943174039 14.320709975859177
133.67625036680528 12.679513148988368
131.61510641620663 16.025024068109225
129.553962465608 15.64223971831869
127.49281851500935 12.870155032604623
125.43167456441071 14.355837260624694
123.37053061381206 15.871087668288991
121.30938666321343 11.9636835965661
119.2482427126148 11.389321387363127
117.18709876201615 14.11174952483473
115.12595481141751 13.82557416691216
113.06481086081887 12.010916747182266
111.00366691022023 12.03433976524848
108.94252295962158 14.495756447989132
106.88137900902295 14.32567313110828
104.82023505842432 14.892947288617393
102.75909110782567 13.480105551593534
100.69794715722703 14.019711302991503
98.63680320662839 13.525467615141116
96.57565925602975 12.392242009137082
94.51451530543109 13.536150955968134
92.45337135483246 12.361264876491871
90.39222740423382 14.763539031059105
88.33108345363517 12.510142189225254
86.26993950303654 13.56769753479782
84.20879555243789 13.443634875747254
82.14765160183926 13.925250913534272
80.08650765124061 11.415064063582664
78.02536370064198 14.078744417927986
75.96421975004334 14.56240446201204
73.9030757994447 13.394817075521077
71.84193184884606 14.267146591597871
69.78078789824741 12.601962474708236
67.71964394764878 12.905337650911827
65.65849999705013 11.927793198745052
63.59735604645149 16.099449728488956
61.53621209585285 16.048094346627817
59.475068145254205 13.08469007683566
57.41392419465557 13.740887554972831
55.35278024405693 13.826817905115956
53.29163629345829 15.29407075964694
51.23049234285965 17.438094240922073
49.169348392261014 17.88914487894732
47.108204441662366 22.32751172195258
45.047060491063725 26.234236606656456
42.985916540465084 27.304361609578677
40.92477258986644 36.43834249417
38.86362863926781 43.27456739323467
36.80248468866917 51.89223746530548
34.74134073807053 59.5783300191416
32.680196787471886 70.32998402855141
30.61905283687324 76.15991164060878
28.557908886274603 84.35027009832423
26.496764935675962 90.65524008886769
24.43562098507732 96.24724946361079
22.37447703447868 97.7317665559815
20.31333308388004 101.18336594949045
18.252189133281398 98.86767634585013
16.191045182682757 95.40481273660846
14.129901232084118 92.85538757840655
12.068757281485476 94.33703002608397
10.007613330886835 97.87357443648503
7.946469380288195 96.31151495560091
5.885325429689554 91.24601625659525
3.8241814790909134 81.03884843676822
1.7630375284922726 67.1684479018838
-0.2981064221063683 59.14368894700434
-2.359250372705009 48.66261970135289
-4.42039432330365 36.35571237013566
-6.481538273902291 30.40737537682762
-8.542682224500933 27.994246169373955
-10.603826175099572 24.0026566875556
-12.664970125698213 23.238066167530242
-14.726114076296854 19.1212845085025
-16.787258026895497 18.098708605950463
-18.848401977494134 17.412548702789884
-20.909545928092776 15.692177758328842
-22.970689878691417 13.842248460528292
-25.031833829290054 12.813400123051965
-27.0929777798887 16.415400047496142
-29.15412173048734 12.980675186790824
-31.21526568108598 13.338504818100418
-33.27640963168462 14.56759575494464
-35.33755358228326 13.42260173913194
-37.398697532881904 14.17880292765136
-39.459841483480545 14.743502604970997
-41.520985434079186 13.962293169337705
-43.58212938467782 14.049114319465357
-45.64327333527646 12.879832771884479
-47.7044172858751 12.257654112241891
-49.76556123647376 14.506516016320925
-51.8267051870724 11.899695437569427
-53.88784913767103 14.61797388589851
-55.948993088269674 14.04365821373506
-58.010137038868315 13.900079385129152
-60.071280989466956 11.663908168097882
-62.1324249400656 12.09826151841573
-64.19356889066424 12.356133990373412
-66.25471284126289 11.333056162809774
-68.31585679186152 13.488489078304763
-70.37700074246017 14.603587988665016
-72.4381446930588 11.050586648706888
-74.49928864365744 12.648778759294377
-76.56043259425608 12.83230159480251
-78.62157654485472 11.961380319822641
-80.68272049545337 12.482074308988613
-82.743864446052 10.96731581488668
-84.80500839665065 12.05987734756682
-86.86615234724928 11.199050749009892
-88.92729629784792 11.601183401779897
-90.98844024844657 11.072574904191953
-93.0495841990452 11.526316192005881
-95.11072814964385 12.867451864376784
-97.17187210024248 11.77639884656035
-99.23301605084114 11.559835474005933
-101.29416000143978 12.396611557719387
-103.35530395203841 11.561204086970585
-105.41644790263706 11.019434985137199
-107.4775918532357 10.367681885167057
-109.53873580383434 11.6023673849623
-111.59987975443298 11.980043724517566
-113.66102370503162 11.926105101151123
-115.72216765563026 11.974661698264173
-117.78331160622889 12.669168914957824
-119.84445555682754 11.649125479897293
-121.90559950742617 11.407840247888705
-123.96674345802482 12.975634399398905
-126.02788740862346 11.390456150988332
-128.0890313592221 11.763635689091517
-130.15017530982075 11.157897962697538
-132.21131926041937 11.97341074721828
-134.27246321101802 12.393654111887278
-136.33360716161667 12.664650304469488
-138.39475111221532 11.838438007113954
-140.45589506281394 10.815868490372273
-142.51703901341259 12.593964922984181
-144.5781829640112 10.20172051770737
-146.63932691460988 13.274180503858256
-148.7004708652085 13.961553535879116
-150.76161481580715 11.497973685399495
-152.82275876640577 15.280159444623877
-154.88390271700445 12.669622940269923
-156.9450466676031 11.36566827773625
-159.0061906182017 13.112387761147478
-161.06733456880036 14.80332542456368
-163.12847851939898 13.799677746254892
-165.18962246999766 11.898789347041784
-167.25076642059628 12.57162253637891
-169.31191037119493 12.926137826672026
-171.37305432179355 12.80044011371635
-173.4341982723922 12.73565920573943
-175.49534222299084 13.080855863404143
-177.5564861735895 13.535025410466039
-179.6176301241881 12.679654759702712
-181.67877407478676 13.243083607559129
-183.7399180253854 13.234792383874204
-185.80106197598406 14.382384855784666
-187.86220592658267 13.874367478387656
-189.92334987718132 12.955217839322446
-191.98449382777994 13.214978592316813
-194.04563777837862 14.879137618791846
-196.10678172897727 13.244101658382135
-198.16792567957586 12.772296387431442
-200.2290696301745 13.900999246592356
-202.29021358077316 15.279161628754096
-204.3513575313718 13.401438855516583
-206.41250148197042 12.672042782588184
-208.47364543256907 14.103791933970045
-210.53478938316772 15.583164045063358
-212.59593333376637 13.696240311847376
-214.657077284365 13.552106205285755
-216.71822123496364 13.479048002228756
-218.77936518556226 14.318830508534491
-220.84050913616093 15.232157807378135
-222.90165308675955 13.629842490283227
-224.9627970373582 13.979472746711341
-227.02394098795682 14.048625568491603
-229.08508493855547 13.423435832759099
-231.14622888915412 13.821926653141443
-233.20737283975276 12.214908097743567
-235.2685167903514 15.897713220911408
-237.32966074095003 15.29438376733703
-239.39080469154868 13.60739514183217
-241.45194864214733 14.25782237751978
-243.51309259274598 14.078210555237598
-245.5742365433446 15.49626539710243
-247.63538049394325 16.173617972504132
-249.6965244445419 13.73626955558641
-251.75766839514054 15.528283061879945
-253.81881234573916 15.835747736533616
-255.8799562963378 14.708969984818463
-257.94110024693646 13.608251896370417
-260.0022441975351 15.674504563869114
