# BEGINHEADER
# This file contains data from the SALSA 2m radio telescope.
# DATE=2024-11-27T00:01:0029
# GLON and GLAT given in degrees
# GLON=129.9555252673557
# GLAT=-0.12894664554526064
# DATA in two columns below. Col. 1 is velocity relative to LSR [km/s]. Col. 2 is uncalibrated antenna temperature [K].
# ENDHEADER
265.79004611907754 3.867103219722763
263.72890216847895 10.173565217510687
261.66775821788025 22.17550404154328
259.60661426728166 13.04918357588882
257.545470316683 7.410165665008712
255.48432636608433 7.772294720151736
253.4231824154857 7.388368881618404
251.36203846488706 7.704425259183912
249.30089451428844 8.750336714430922
247.23975056368977 12.455081045238446
245.17860661309115 10.181920102904424
243.1174626624925 13.870876412671315
241.05631871189388 13.138575045269869
238.99517476129523 12.221476777658426
236.93403081069658 9.731875058116414
234.87288686009794 12.514643786583626
232.81174290949932 13.109276448477615
230.75059895890067 6.982550725844384
228.68945500830205 11.99671240974352
226.62831105770337 10.9987220616478
224.56716710710472 9.674365555698921
222.5060231565061 11.099782746458375
220.44487920590745 5.970828996136871
218.3837352553088 8.211545474394013
216.32259130471016 11.582117909750112
214.26144735411154 13.343809087051257
212.2003034035129 6.132343244122256
210.13915945291427 13.729191949507896
208.0780155023156 16.94060041797344
206.01687155171697 7.437302674706707
203.95572760111833 5.300987179979527
201.8945836505197 13.55474801723047
199.83343969992106 11.684248075850254
197.77229574932244 17.028733847367143
195.7111517987238 11.400611665052269
193.65000784812517 12.63010460593157
191.5888638975265 12.029027441134652
189.52771994692787 19.08824283063375
187.46657599632923 11.296280060333292
185.40543204573058 6.178288581078088
183.34428809513196 7.120441826927578
181.28314414453328 9.543249342115809
179.22200019393466 9.781923917340142
177.160856243336 -0.08917761590956005
175.0997122927374 20.039881129191418
173.03856834213875 15.919394206765924
170.9774243915401 5.609686097738046
168.91628044094145 16.60752924384049
166.85513649034283 2.285905690349159
164.79399253974418 9.368342456754117
162.73284858914553 3.9493835492505625
160.67170463854688 15.656644970810405
158.61056068794827 15.682413876978613
156.54941673734962 10.25548430565269
154.488272786751 12.490145562170962
152.42712883615232 9.050293054080809
150.3659848855537 6.611295736403677
148.30484093495505 12.529069994625331
146.2436969843564 12.281942666853103
144.18255303375778 11.757615842613246
142.1214090831591 11.548327622033304
140.0602651325605 11.762700018840595
137.99912118196184 8.979610778955728
135.93797723136322 8.949714380142618
133.87683328076457 8.889241485158806
131.81568933016592 1.380340838182744
129.75454537956728 7.491587677644264
127.69340142896864 15.511031042811283
125.63225747837 11.655266811174075
123.57111352777136 1.9111811405917254
121.50996957717271 12.016408033195942
119.44882562657408 9.243859834047024
117.38768167597544 8.555218043542114
115.3265377253768 9.976120323381654
113.26539377477816 6.415924571473034
111.20424982417951 12.61807769522537
109.14310587358088 12.205121380543027
107.08196192298223 16.073111619679803
105.0208179723836 14.379292956141436
102.95967402178496 10.502222690300401
100.89853007118631 6.278144772773997
98.83738612058767 5.678855505889212
96.77624216998903 14.019623456629242
94.71509821939038 6.406004052422886
92.65395426879175 5.877067549901837
90.59281031819309 16.97934360875288
88.53166636759445 8.869326082672602
86.4705224169958 6.6363024334944205
84.40937846639717 9.228511690894802
82.34823451579854 10.680541696964186
80.28709056519989 8.617942548649273
78.22594661460126 11.23592070508457
76.16480266400261 1.6831318585181212
74.10365871340397 10.123937936501717
72.04251476280534 9.14224296328996
69.98137081220669 8.539217392928455
67.92022686160806 13.403311096143247
65.85908291100941 14.92278499848083
63.797938960410775 9.472066800602223
61.73679500981213 9.006977055306148
59.675651059213486 11.10520990272412
57.614507108614845 12.421416604611784
55.553363158016204 8.443342171280223
53.49221920741756 11.119013843811292
51.43107525681893 11.203728509385964
49.36993130622029 5.945201226744352
47.308787355621654 15.846729520818686
45.24764340502301 13.725886052009816
43.18649945442437 12.688182162226777
41.12535550382572 7.293164635645752
39.06421155322708 9.427388360385779
37.00306760262844 12.844913121861975
34.9419236520298 9.863162662825449
32.880779701431166 21.21050452277185
30.81963575083252 14.92810656180741
28.758491800233884 9.653020276232851
26.69734784963524 11.537632115783357
24.636203899036598 3.441774492227551
22.575059948437957 16.767525436010843
20.513915997839316 11.26276279841377
18.45277204724068 13.564181023063759
16.391628096642034 14.213651612316767
14.330484146043393 13.028761242989056
12.269340195444755 12.372092463785746
10.208196244846112 7.288157119705164
8.147052294247473 16.62002063897837
6.085908343648831 28.758243175608126
4.02476439305019 41.990481202443696
1.9636204424515498 67.13771934826671
-0.09752350814709107 68.54446082208031
-2.158667458745732 71.5863417823622
-4.219811409344373 79.2093298950048
-6.280955359943013 83.15626709394176
-8.342099310541652 79.69630249703344
-10.403243261140295 73.17848305190655
-12.464387211738936 69.26476993553561
-14.525531162337577 54.75873583902613
-16.586675112936216 59.46663924388525
-18.647819063534858 47.193809268742605
-20.708963014133502 51.4504527171875
-22.770106964732143 37.70161097686173
-24.831250915330777 38.226287061308234
-26.89239486592942 44.785057783507895
-28.95353881652806 35.1042293311405
-31.014682767126704 40.54510876325237
-33.07582671772534 58.17165018686146
-35.136970668323976 61.72076706116711
-37.198114618922624 63.50277118590001
-39.259258569521265 71.11871570454403
-41.320402520119906 71.91746047706233
-43.38154647071855 89.19544582152363
-45.44269042131719 86.95067531599236
-47.50383437191583 86.22657146717458
-49.56497832251447 87.34032526969754
-51.62612227311311 81.22557950998014
-53.68726622371175 86.45507676095505
-55.7484101743104 79.58693792040758
-57.80955412490904 79.32534864089256
-59.870698075507676 70.98541956510158
-61.93184202610632 56.99353660862242
-63.99298597670496 52.525061236913494
-66.0541299273036 57.19638097750267
-68.11527387790224 42.96672867225276
-70.17641782850089 30.06164184356401
-72.23756177909952 32.289911158000606
-74.29870572969817 30.245513597505543
-76.3598496802968 27.408394881981195
-78.42099363089545 33.858912952348184
-80.48213758149409 37.40421390942679
-82.54328153209272 41.81020659873248
-84.60442548269137 37.09759297052939
-86.66556943329 24.30311421347907
-88.72671338388865 33.60626489272619
-90.78785733448728 31.78155950107179
-92.84900128508593 34.47995251089729
-94.91014523568457 34.725564384015826
-96.9712891862832 21.73461225495032
-99.03243313688185 23.86137796642285
-101.09357708748047 23.84534217477357
-103.15472103807913 25.281614977449205
-105.21586498867777 21.141238836299287
-107.27700893927641 22.70414178982493
-109.33815288987505 11.325557032033354
-111.3992968404737 20.796983929816584
-113.46044079107233 10.355047560479582
-115.52158474167096 13.249112849001376
-117.58272869226961 17.810396093505563
-119.64387264286825 17.74140972539954
-121.7050165934669 3.852948606396954
-123.76616054406553 10.660223399380714
-125.82730449466418 11.223862307353576
-127.88844844526281 8.246349505616958
-129.94959239586146 10.275407955848348
-132.0107363464601 19.935630677452128
-134.07188029705873 15.213390956506586
-136.13302424765737 14.016365871098333
-138.19416819825602 13.164787686102548
-140.25531214885467 13.259047177315773
-142.3164560994533 14.365188934306452
-144.37760005005194 11.473156798665775
-146.43874400065056 13.339575552711544
-148.49988795124924 10.225328811216986
-150.56103190184785 10.947678235119216
-152.6221758524465 8.259147080006079
-154.68331980304512 10.713762857338214
-156.74446375364377 8.490958993260422
-158.80560770424242 5.2491382650105605
-160.86675165484107 4.577066457207322
-162.92789560543972 13.311890475762599
-164.98903955603834 13.356326271213009
-167.050183506637 12.66893551277423
-169.11132745723563 12.249184928463611
-171.17247140783428 8.878882687041072
-173.2336153584329 13.394857414572293
-175.29475930903155 5.302761979031595
-177.3559032596302 9.343609020784225
-179.41704721022884 7.467962067651558
-181.47819116082746 16.34620240959822
-183.5393351114261 13.148455505268776
-185.60047906202473 -1.1473730244014408
-187.6616230126234 12.346215618676933
-189.72276696322203 9.078292077591824
-191.78391091382068 10.96380359240658
-193.8450548644193 10.561284622068179
-195.90619881501797 8.44219633602899
-197.9673427656166 5.551998998612754
-200.02848671621527 11.936955344520118
-202.08963066681392 8.797614584500828
-204.15077461741254 5.760395141825373
-206.21191856801119 13.581944759440024
-208.27306251860983 12.45564116949248
-210.33420646920848 16.573629093241685
-212.3953504198071 13.567191212799179
-214.45649437040575 7.97064342190381
-216.51763832100437 11.838586806323203
-218.57878227160305 6.852601073404201
-220.63992622220167 11.334042095792892
-222.7010701728003 8.505969593236536
-224.76221412339893 21.423959743307954
-226.82335807399758 13.632663305428313
-228.88450202459623 4.9172340576512505
-230.94564597519488 14.908948503947006
-233.0067899257935 12.88046920222929
-235.06793387639215 15.343807044805288
-237.12907782699082 11.51846311664877
-239.19022177758944 16.851937241025087
-241.2513657281881 11.693969359484216
-243.3125096787867 7.2890862546195345
-245.37365362938536 9.400883146766407
-247.434797579984 11.342473933310718
-249.49594153058266 6.513975986573881
-251.55708548118128 5.393045831463737
-253.61822943177992 11.231115835812137
-255.67937338237854 12.874774294996737
-257.7405173329772 19.858623696029746
-259.80166128357587 20.47903771469961
