# BEGINHEADER
# This file contains data from the SALSA 2m radio telescope.
# DATE=2024-11-26T23:56:0005
# GLON and GLAT given in degrees
# GLON=89.87178884276814
# GLAT=0.08038311844250948
# DATA in two columns below. Col. 1 is velocity relative to LSR [km/s]. Col. 2 is uncalibrated antenna temperature [K].
# ENDHEADER
265.42221530124453 6.565596724350615
263.3610713506459 16.443892205509716
261.29992740004724 13.113045352301587
259.2387834494486 12.94740322968031
257.17763949884994 13.893206428469966
255.11649554825132 13.456860524619675
253.05535159765265 11.92934340352336
250.99420764705403 13.264154251875338
248.93306369645538 12.685683328043156
246.87191974585676 13.176292771657133
244.8107757952581 16.184398996670353
242.74963184465946 12.739149529967703
240.6884878940608 12.70000711812812
238.6273439434622 13.301547501933573
236.56619999286355 15.256152894847004
234.5050560422649 13.057990676184026
232.44391209166625 12.892303792622522
230.38276814106763 15.304871008030464
228.32162419046898 13.985729553858707
226.26048023987036 13.092749508338454
224.19933628927168 13.800544560934574
222.13819233867306 14.772892717330574
220.07704838807442 13.226272129910676
218.0159044374758 15.082973162275206
215.95476048687715 14.667809662566784
213.89361653627847 13.859820162408031
211.83247258567985 13.498023243172534
209.7713286350812 12.494220062626262
207.71018468448258 16.463285279163184
205.6490407338839 14.140572321812897
203.5878967832853 12.52975255883776
201.52675283268664 14.940462463788355
199.46560888208802 13.818850490544506
197.40446493148937 13.41759954124959
195.34332098089072 15.773362421891221
193.28217703029208 12.49618418295873
191.22103307969346 14.422778112425673
189.1598891290948 14.327227981983972
187.0987451784962 15.002438334769305
185.0376012278975 14.18922066772709
182.9764572772989 13.650485207520054
180.91531332670024 14.318289066335783
178.85416937610162 12.713004257036992
176.79302542550298 14.821826384982772
174.7318814749043 14.22477185588017
172.67073752430568 13.696311201340432
170.60959357370703 13.954319701682946
168.5484496231084 15.126324987794938
166.48730567250973 14.079621559771386
164.42616172191111 14.517756101132564
162.36501777131247 14.033045629791484
160.30387382071385 15.210523229008627
158.2427298701152 14.47688196862154
156.18158591951655 13.897926259725455
154.1204419689179 13.63347025568483
152.05929801831928 12.993117640876623
149.99815406772063 14.196869241959392
147.937010117122 13.128164780036395
145.87586616652334 13.679754728334181
143.81472221592472 13.741593047436266
141.75357826532607 16.064522253478067
139.69243431472745 12.527902556714047
137.63129036412877 11.864773831639178
135.57014641353013 12.388805018582588
133.5090024629315 13.861557589942322
131.44785851233286 14.98755026762845
129.3867145617342 12.795439965592754
127.32557061113559 13.353658212704222
125.26442666053694 12.693029071147784
123.2032827099383 14.315107295523624
121.14213875933967 13.475084209933746
119.08099480874102 11.036377267838798
117.01985085814238 13.328117075398692
114.95870690754373 11.755656433895629
112.8975629569451 13.23701466327046
110.83641900634645 15.008824272056277
108.77527505574781 14.569895752688543
106.71413110514918 13.389642687207271
104.65298715455053 13.303640129441382
102.5918432039519 15.211250898958196
100.53069925335325 12.187053709788884
98.4695553027546 12.17950074088998
96.40841135215597 13.570483606194738
94.34726740155732 11.645038497466825
92.28612345095868 11.871040017772673
90.22497950036004 14.80597639567128
88.1638355497614 13.74630116760056
86.10269159916277 14.357938278704896
84.04154764856412 13.089610659302677
81.98040369796549 12.916689988268333
79.91925974736684 12.469545275273468
77.85811579676819 13.512591868535129
75.79697184616954 12.925778490741802
73.7358278955709 12.506039932492051
71.67468394497227 12.127090149564562
69.61353999437362 12.288342992880214
67.55239604377499 12.334455076850922
65.49125209317636 14.031494002073291
63.43010814257771 12.014125919671907
61.36896419197907 13.129459548376353
59.307820241380426 14.026703086442714
57.246676290781785 13.117176420660627
55.185532340183144 11.204035265683805
53.1243883895845 13.306347148035602
51.06324443898587 12.14945415617092
49.00210048838722 13.769550646412046
46.94095653778858 13.482425835120795
44.87981258718994 12.05506146795098
42.8186686365913 10.729891797572348
40.75752468599266 11.664850665420603
38.69638073539402 12.98925475271434
36.63523678479538 14.394213834477743
34.57409283419674 13.193300719276468
32.5129488835981 13.001178078215553
30.451804932999455 13.900391681799645
28.390660982400817 14.351651492996693
26.329517031802173 15.451964777021946
24.268373081203535 15.19215146467319
22.207229130604894 15.0357361606736
20.146085180006256 16.64806830917195
18.084941229407615 20.05149048330617
16.02379727880897 22.65061248981938
13.962653328210331 27.684796949788485
11.90150937761169 37.47384596466858
9.840365427013051 50.119171128709844
7.779221476414409 67.20069432495318
5.718077525815769 85.03522564874798
3.6569335752171273 93.37604578348041
1.5957896246184868 89.25446469222096
-0.465354325980154 92.3849197242134
-2.5264982765787947 88.43258582391826
-4.587642227177436 85.14108187974713
-6.648786177776076 86.08075549925525
-8.709930128374717 85.57807508378815
-10.771074078973358 85.84276442912558
-12.832218029571997 81.04406777723273
-14.893361980170639 80.66657868252237
-16.95450593076928 76.24691215483259
-19.01564988136792 68.69052425790079
-21.07679383196656 62.644429603717036
-23.137937782565203 54.617501018213666
-25.199081733163847 53.46376836966707
-27.260225683762485 47.82613677302575
-29.321369634361126 46.48272654351594
-31.382513584959767 46.729798914244945
-33.44365753555841 48.40269133671808
-35.50480148615705 51.624102531568084
-37.56594543675569 54.84760201714732
-39.62708938735433 56.89255771119088
-41.68823333795297 59.59047377286637
-43.749377288551614 61.4508019884265
-45.81052123915025 60.58828513429905
-47.871665189748896 59.182153713917984
-49.93280914034754 57.173941405348515
-51.99395309094618 57.51111651837818
-54.05509704154482 54.92416102354546
-56.11624099214346 56.070874012833784
-58.177384942742094 52.534168561950075
-60.238528893340735 51.35834473257622
-62.299672843939376 52.620715853080185
-64.36081679453802 51.13429863463089
-66.42196074513666 52.604762203191264
-68.48310469573529 56.473989591259944
-70.54424864633394 57.30645539330007
-72.60539259693257 57.35498807054683
-74.66653654753122 56.68100729293627
-76.72768049812987 58.54306338642053
-78.7888244487285 56.63634441921579
-80.84996839932715 51.922123648492146
-82.91111234992579 51.36137591982032
-84.97225630052444 46.29915102866213
-87.03340025112307 42.105410605878944
-89.09454420172172 42.32718009040832
-91.15568815232035 42.585902171395674
-93.21683210291899 40.64353020444387
-95.27797605351763 41.543683137255854
-97.33912000411627 38.381252611582156
-99.4002639547149 37.88259603633219
-101.46140790531354 34.18870115085093
-103.52255185591218 29.266132424724944
-105.58369580651082 28.28454252022851
-107.64483975710947 23.826374180810685
-109.7059837077081 22.423930959460687
-111.76712765830675 21.07890283923107
-113.82827160890538 18.42937953375361
-115.88941555950403 18.86692919386716
-117.95055951010268 17.07505808262321
-120.01170346070131 16.464386427503346
-122.07284741129996 15.186348221328881
-124.1339913618986 15.108829939016951
-126.19513531249724 13.379393435939528
-128.25627926309588 11.884472472522539
-130.3174232136945 13.745149314523657
-132.37856716429314 12.98017580478113
-134.43971111489182 13.052176236269792
-136.50085506549044 12.403753360512011
-138.5619990160891 12.754345469698318
-140.6231429666877 13.493961710678072
-142.68428691728636 14.009336260416244
-144.745430867885 13.973418914713273
-146.80657481848365 12.513579160881111
-148.86771876908227 12.093696142492506
-150.92886271968092 12.383624031138645
-152.99000667027957 13.075768799555489
-155.05115062087822 12.47098655949674
-157.11229457147684 12.430411244942137
-159.1734385220755 12.414789187288443
-161.2345824726741 12.814822476666333
-163.29572642327278 13.527698932234706
-165.3568703738714 13.414616221242257
-167.41801432447005 12.522684336320832
-169.47915827506867 13.060098166761147
-171.54030222566732 13.159069872180552
-173.601446176266 11.210869557185218
-175.66259012686461 13.952254977525149
-177.72373407746326 12.836676705689642
-179.78487802806188 13.896678318686648
-181.84602197866056 13.485998375745263
-183.90716592925918 12.53491998257676
-185.96830987985783 12.5629373996519
-188.02945383045645 14.431909884875498
-190.0905977810551 12.301587578798793
-192.15174173165374 12.510605509637886
-194.2128856822524 14.227872835338275
-196.274029632851 12.730477937970585
-198.33517358344966 13.57427986890234
-200.39631753404828 11.942974673361318
-202.45746148464696 14.425393151477175
-204.51860543524558 13.690992120271991
-206.57974938584422 13.681497821440589
-208.64089333644284 14.598661075273183
-210.7020372870415 12.975563480767311
-212.76318123764017 12.876001947499187
-214.8243251882388 13.55865573886877
-216.88546913883744 12.864457348371287
-218.94661308943606 15.541198767359292
-221.00775704003473 13.950648125576619
-223.06890099063335 13.69831407992459
-225.130044941232 14.24749705565556
-227.19118889183062 14.20772862240546
-229.25233284242927 13.642903968602555
-231.31347679302792 13.670135049883832
-233.37462074362656 15.028719334228736
-235.43576469422518 15.372539554013928
-237.49690864482383 13.63941701938286
-239.55805259542245 13.91374261069678
-241.61919654602113 15.060256280750695
-243.68034049661975 12.990692158811855
-245.7414844472184 13.915843828994632
-247.80262839781702 14.091112725859768
-249.8637723484157 14.042884147966074
-251.92491629901434 16.192490137774765
-253.98606024961296 15.154550267022124
-256.0472042002116 14.6138392051973
-258.10834815081023 13.192332976207517
-260.1694921014089 16.63667619624206
