# BEGINHEADER
# This file contains data from the SALSA 2m radio telescope.
# DATE=2024-11-27T00:08:0019
# GLON and GLAT given in degrees
# GLON=169.87352189731746
# GLAT=-0.30602352400301575
# DATA in two columns below. Col. 1 is velocity relative to LSR [km/s]. Col. 2 is uncalibrated antenna temperature [K].
# ENDHEADER
265.788489113476 7.861584763126311
263.72734516287727 12.968418323953587
261.6662012122787 14.17363524218005
259.60505726168003 6.93101671256608
257.5439133110814 4.405747120417103
255.48276936048276 12.374497686597527
253.4216254098841 8.255426844121772
251.36048145928547 13.04147139331367
249.29933750868682 11.113323097431033
247.2381935580882 -0.004087017861535418
245.17704960748952 5.033776724891398
243.1159056568909 9.638019086432784
241.05476170629225 6.6866966491273665
238.99361775569363 10.003850711810852
236.932473805095 9.859719905722752
234.8713298544963 2.3225816475984655
232.8101859038977 13.213042679543202
230.74904195329904 17.13650986510931
228.68789800270042 13.881538579580312
226.62675405210177 -0.16554810504430933
224.56561010150313 10.33333540034852
222.50446615090448 13.239536726702024
220.44332220030586 7.248760003129165
218.3821782497072 12.413024953051536
216.32103429910856 9.01511574728252
214.2598903485099 14.300287923673148
212.1987463979113 11.841703528330841
210.13760244731264 13.485882806871235
208.07645849671403 5.650793791809387
206.01531454611535 5.684908332886538
203.95417059551673 10.811672756418114
201.89302664491808 10.693486629175803
199.83188269431946 11.65238495879918
197.7707387437208 11.948210785684124
195.70959479312214 11.310175036354101
193.64845084252352 9.028354561804251
191.58730689192487 10.055391333229641
189.52616294132625 11.243354124137456
187.4650189907276 10.65010173841141
185.40387504012895 8.9251989833839
183.3427310895303 15.627566850682197
181.28158713893168 5.07537033807576
179.22044318833304 14.885579843043297
177.1592992377344 10.072692088358115
175.09815528713574 9.079400707770647
173.03701133653712 4.452310376538238
170.97586738593847 14.29312313211945
168.91472343533985 4.5701653513770415
166.85357948474118 8.354055808923741
164.79243553414256 13.091981498966742
162.7312915835439 10.614569156385715
160.6701476329453 16.905288115502884
158.60900368234664 12.604661471089155
156.54785973174796 11.91307532737513
154.48671578114934 13.279329316743695
152.4255718305507 6.928293164359781
150.36442787995207 2.463176689080446
148.3032839293534 13.504518773304353
146.24213997875478 6.088654625668285
144.18099602815613 15.27904020242245
142.1198520775575 11.092731918907003
140.05870812695886 8.942362656869777
137.9975641763602 5.788751799596982
135.93642022576157 16.099822440876267
133.87527627516295 4.8979650545740645
131.8141323245643 16.498441282391465
129.75298837396565 8.730946562123087
127.69184442336702 10.16019928752139
125.63070047276837 10.285519704318439
123.56955652216973 -1.2060124220885244
121.50841257157109 13.567047221644449
119.44726862097245 8.23886886471839
117.38612467037382 9.695201077475472
115.32498071977517 11.152139135168225
113.26383676917654 6.7454959654391144
111.20269281857789 10.266066065871872
109.14154886797925 11.98616806926213
107.0804049173806 7.742491206851807
105.01926096678197 15.86221440050852
102.95811701618334 17.16372612500169
100.89697306558469 11.660384809730356
98.83582911498603 6.57201576811713
96.77468516438739 10.603977006317308
94.71354121378874 13.865177755835406
92.65239726319011 8.226360217372065
90.59125331259146 14.54775004103613
88.53010936199283 15.636902971399659
86.46896541139418 12.416405696188821
84.40782146079555 14.920905739346153
82.34667751019691 8.969664022413582
80.28553355959826 6.354001898716926
78.22438960899963 13.154488674457642
76.16324565840098 12.716682013207226
74.10210170780235 8.947356633623565
72.0409577572037 8.860791347375399
69.97981380660507 14.998482935304445
67.91866985600643 7.397075004503128
65.85752590540778 5.807250316335426
63.79638195480914 12.90324703221944
61.7352380042105 6.000173962301049
59.67409405361186 6.761175576730924
57.61295010301322 16.435714694122186
55.55180615241458 11.116213256913191
53.49066220181594 9.750277940141999
51.42951825121729 9.221678867323323
49.368374300618655 8.635597897365553
47.30723035002001 10.397548159710368
45.24608639942137 13.225856685701368
43.18494244882273 10.166103881015507
41.12379849822409 12.923678139598787
39.06265454762545 10.819361260534695
37.00151059702681 12.90714471169145
34.940366646428174 15.645546372494668
32.879222695829526 8.570734799517709
30.81807874523089 9.87163396954572
28.756934794632247 11.955729382322987
26.695790844033603 5.338475887823417
24.634646893434965 10.205129474348606
22.573502942836324 11.500878367938823
20.512358992237683 16.069174335004327
18.451215041639042 19.167714003004356
16.3900710910404 13.860633432066972
14.32892714044176 12.4661801335245
12.26778318984312 19.127220858079642
10.20663923924448 30.687581658335322
8.145495288645838 45.38002164970102
6.084351338047198 52.24935978362122
4.023207387448557 64.62988084825244
1.9620634368499161 76.59799104451534
-0.09908051374872463 96.24293148363287
-2.1602244643473654 89.86829041447265
-4.2213684149460065 98.60749059158253
-6.282512365544647 109.33902123085426
-8.343656316143289 114.4480121473179
-10.40480026674193 119.67228870313842
-12.465944217340569 118.07232597377023
-14.52708816793921 114.13240948418067
-16.58823211853785 111.85905899272022
-18.64937606913649 104.66556392316296
-20.710520019735135 104.55652529483642
-22.771663970333773 89.9999445218372
-24.832807920932414 89.25500620591636
-26.893951871531055 68.97096068946104
-28.955095822129696 67.28532271147239
-31.016239772728337 51.37265285995501
-33.077383723326975 34.16086554736447
-35.138527673925616 37.75552932956192
-37.19967162452426 33.276766501025016
-39.2608155751229 23.39502440643822
-41.32195952572154 17.84576610016283
-43.38310347632018 22.807792014883287
-45.44424742691883 17.594276809363777
-47.50539137751746 23.47965403402914
-49.5665353281161 18.771416871848448
-51.627679278714744 14.710168903339744
-53.688823229313385 7.921395270951426
-55.749967179912026 18.345007579455395
-57.81111113051067 18.755173411619282
-59.87225508110931 13.937895620961806
-61.93339903170794 9.88107140665422
-63.99454298230659 11.52945103929029
-66.05568693290523 10.411371529270395
-68.11683088350387 12.375984776157729
-70.17797483410251 16.763284677851825
-72.23911878470115 11.118483454687773
-74.3002627352998 8.343620333101832
-76.36140668589843 10.751543148850798
-78.42255063649708 9.600750131710685
-80.48369458709571 5.058606431498993
-82.54483853769435 8.056590595307684
-84.605982488293 4.947557805284261
-86.66712643889163 13.913343064280413
-88.72827038949028 11.736169424015996
-90.78941434008891 10.169482523221781
-92.85055829068757 10.007262275060532
-94.9117022412862 8.364520604771474
-96.97284619188484 12.014752358674947
-99.03399014248349 7.083229160173046
-101.09513409308212 12.387031176286396
-103.15627804368076 15.801445170208702
-105.21742199427939 15.572884454686289
-107.27856594487804 13.95592839792228
-109.33970989547667 12.923504236006968
-111.40085384607532 7.30992865083581
-113.46199779667396 14.954245844367087
-115.5231417472726 8.914729601322609
-117.58428569787124 12.962066546995043
-119.64542964846987 16.392536419876862
-121.70657359906852 11.385209450324579
-123.76771754966715 4.738095896726145
-125.8288615002658 9.489024292636392
-127.89000545086444 -0.4404427022558368
-129.95114940146308 0.41322281119393983
-132.0122933520617 14.959851469405011
-134.07343730266038 3.939494502775824
-136.134581253259 6.031106486265991
-138.19572520385765 11.745620464180114
-140.25686915445627 10.81655405838835
-142.31801310505494 5.901767871269554
-144.37915705565356 7.323104974266886
-146.4403010062522 11.700208988065492
-148.50144495685083 11.277814363788863
-150.56258890744948 9.440654008979857
-152.62373285804816 12.259920997264054
-154.68487680864678 4.822571067574773
-156.74602075924543 10.260883566889746
-158.80716470984405 12.032878783023808
-160.8683086604427 4.35838910778872
-162.92945261104134 8.102730693215854
-164.99059656164 12.756981258324727
-167.0517405122386 9.805808941303184
-169.11288446283726 15.02062856172819
-171.17402841343588 15.568549066710876
-173.23517236403455 7.983420089425675
-175.29631631463317 7.739915859371359
-177.35746026523182 5.4032118149459105
-179.41860421583044 9.31746815208885
-181.47974816642912 13.266654221739424
-183.54089211702774 7.109007505548584
-185.6020360676264 11.758835049676852
-187.663180018225 9.369190693251785
-189.72432396882365 8.809886612414543
-191.78546791942233 2.945011961495745
-193.84661187002095 4.392491642917364
-195.9077558206196 12.09651030707456
-197.96889977121822 14.686190683221158
-200.03004372181687 13.999022420384138
-202.09118767241551 11.48786951810273
-204.15233162301416 12.245621846996062
-206.21347557361278 14.055340705432442
-208.27461952421143 8.167375810998283
-210.33576347481008 15.042595334366588
-212.39690742540873 11.948652133078125
-214.45805137600735 2.961878952998184
-216.519195326606 13.785838284000759
-218.58033927720462 13.091454706446111
-220.6414832278033 12.765433547186863
-222.7026271784019 9.39783294747125
-224.76377112900056 12.877368966347245
-226.82491507959918 14.626977852202954
-228.88605903019783 19.078059564683816
-230.9472029807965 17.870469622413435
-233.00834693139512 11.215414090414095
-235.06949088199377 6.7990440538431605
-237.1306348325924 5.512114903216379
-239.19177878319107 11.106341036118108
-241.2529227337897 7.703609515991546
-243.31406668438834 17.69407568001814
-245.37521063498696 12.69708810595071
-247.4363545855856 18.777269120569596
-249.49749853618425 11.060747724765697
-251.5586424867829 9.97709205432543
-253.61978643738152 23.06935821056522
-255.68093038798017 9.260511125268811
-257.7420743385788 11.962916542719226
-259.80321828917744 8.750490986058983
